#class tools::wcsv::ntuple
#title APXS Detector Hits
#separator 44
#vector_separator 59
#column int EventID
#column int TrackID
#column int MigrantID
#column string Particle
#column double InitialEnergy
#column double DepositedEnergy
#column double XPosition
#column double YPosition
#column double ZPosition
#column double LocalTime
#column string Volume
#column string ParentVolume
360,106,-1,e-,41.5712,6.71059e-23,9.49145,7.8,-0.956921,14.8463,detectLogical_PV,sourcePhysical
414,131,-1,e-,88.6565,8.25804e-25,10.6108,7.30609,0.666401,5.55038,detectLogical_PV,sourcePhysical
614,103,-1,e-,58.8328,5.138e-23,4.39684,7.8,-1.7174,10.5903,detectLogical_PV,sourcePhysical
715,103,-1,e-,25.4161,1.08621e-22,4.97714,7.8,-3.35532,0.534858,detectLogical_PV,sourcePhysical
1594,109,-1,e-,9.48246,2.41046e-22,4.48115,7.8,-1.44204,21.7671,detectLogical_PV,sourcePhysical
2708,356,-1,e-,17.805,2.65942e-22,4.2664,7.8,-2.69167,38.5467,detectLogical_PV,sourcePhysical
3961,103,-1,e-,19.5668,1.45109e-22,7.09953,7.8,0.253557,20.8394,detectLogical_PV,sourcePhysical
4224,103,-1,e-,37.6695,8.22707e-23,3.98011,7.8,-0.0828404,5.0957,detectLogical_PV,sourcePhysical
4839,168,-1,e-,28.4245,1.08853e-22,7.8849,7.8,-2.4358,2.91886,detectLogical_PV,sourcePhysical
5457,125,-1,e-,19.965,1.52537e-22,4.69446,7.8,1.46357,6.12597,detectLogical_PV,sourcePhysical
5653,103,-1,e-,41.9916,8.53583e-23,7.10976,7.8,1.24653,8.31857,detectLogical_PV,sourcePhysical
5674,149,-1,e-,75.9009,5.51165e-23,6.75146,7.8,2.39075,0.0653315,detectLogical_PV,sourcePhysical
5731,103,-1,e-,18.1469,1.64512e-22,3.30186,7.8,1.98643,2.0942,detectLogical_PV,sourcePhysical
5848,103,-1,e-,32.2776,1.15101e-22,8.38445,7.8,2.20441,3.09291,detectLogical_PV,sourcePhysical
6134,103,-1,e-,52.4424,8.11756e-23,8.16303,7.8,-0.892712,3.63726,detectLogical_PV,sourcePhysical
6191,194,-1,e-,39.1283,7.39226e-23,5.46071,7.8,-0.658077,15.3442,detectLogical_PV,sourcePhysical
6922,123,-1,e-,44.8522,8.83169e-23,6.53147,7.8,-1.02113,5.29365,detectLogical_PV,sourcePhysical
6946,212,-1,e-,46.8119,8.28552e-23,9.65582,7.8,-1.85262,2.8188,detectLogical_PV,sourcePhysical
7159,137,-1,e-,12.3641,1.98514e-22,6.36553,7.8,1.80004,6.88711,detectLogical_PV,sourcePhysical
7355,238,-1,e-,71.652,6.04397e-23,9.12187,7.8,-2.55635,9.52687,detectLogical_PV,sourcePhysical
7841,103,-1,e-,39.9928,1.0176e-22,5.62926,7.8,-2.02249,3.70145,detectLogical_PV,sourcePhysical
7927,103,-1,e-,60.6159,8.39164e-23,8.20375,7.8,0.635653,3.80118,detectLogical_PV,sourcePhysical
8124,313,-1,e-,74.2234,1.44599e-23,10.258,7.39033,1.76135,1.72517,detectLogical_PV,sourcePhysical
8552,103,-1,e-,86.4188,5.28318e-23,8.30351,7.8,2.21788,2.87035,detectLogical_PV,sourcePhysical
8845,107,-1,e-,130.672,4.38431e-23,8.20282,7.8,-0.0532776,26.6571,detectLogical_PV,sourcePhysical
9040,103,-1,e-,26.1453,1.23452e-22,8.65361,7.8,-0.316452,0.324247,detectLogical_PV,sourcePhysical
9794,179,-1,e-,44.9394,6.36361e-23,9.38467,7.8,-2.51285,11.4254,detectLogical_PV,sourcePhysical
9905,103,-1,e-,83.9164,6.25383e-23,9.85663,7.8,1.54788,1.43455,detectLogical_PV,sourcePhysical
10389,103,-1,e-,28.9444,9.73664e-23,6.90018,7.8,-0.222227,7.3508,detectLogical_PV,sourcePhysical
11521,143,-1,e-,15.2262,1.61661e-22,8.20931,7.8,-1.88783,4.43473,detectLogical_PV,sourcePhysical
11692,103,-1,e-,14.9003,2.56206e-22,6.07888,7.8,1.68471,2.72048,detectLogical_PV,sourcePhysical
11765,261,-1,e-,12.4631,1.96242e-22,6.08511,7.8,2.74141,3.38774,detectLogical_PV,worldPhysical
12276,128,-1,e-,82.0264,5.42094e-23,7.85084,7.8,-0.578359,4.35136,detectLogical_PV,sourcePhysical
12771,103,-1,e-,98.1196,2.16734e-24,2.74513,7.32859,0.788403,3.54503,detectLogical_PV,sourcePhysical
12846,109,-1,e-,207.244,3.47075e-23,7.8899,7.8,-2.46536,3.29527,detectLogical_PV,sourcePhysical
12980,110,-1,e-,35.7918,1.2274e-22,8.63788,7.8,2.36079,3.29694,detectLogical_PV,sourcePhysical
13047,169,-1,e-,99.811,4.16086e-23,9.85747,7.8,-1.12815,5.34215,detectLogical_PV,sourcePhysical
13092,154,-1,e-,17.5462,1.60447e-22,4.47632,7.8,0.765777,8.83765,detectLogical_PV,sourcePhysical
13292,103,-1,e-,56.1465,2.01947e-23,9.74849,7.40239,-2.54998,0.948625,detectLogical_PV,sourcePhysical
13408,103,-1,e-,31.9438,1.48055e-22,4.55503,7.8,-1.77723,3.55409,detectLogical_PV,sourcePhysical
13700,196,-1,e-,30.1728,9.8486e-23,7.05905,7.8,1.42214,0.131049,detectLogical_PV,sourcePhysical
14046,210,-1,e-,56.1215,8.73872e-23,7.28077,7.8,-0.314065,24.2657,detectLogical_PV,sourcePhysical
14230,103,-1,e-,94.7225,3.94843e-23,8.41558,7.8,1.63233,21.8268,detectLogical_PV,sourcePhysical
14284,226,-1,gamma,20.3582,0,7.09329,7.8,-2.76121,4.30016,detectLogical_PV,targetPhysical
15288,147,-1,e-,161.52,2.7615e-23,6.5496,7.8,3.28277,6.02825,detectLogical_PV,sourcePhysical
15303,103,-1,e-,65.8885,4.98164e-23,6.74003,7.8,-3.6929,2.92004,detectLogical_PV,sourcePhysical
15564,103,-1,e-,59.2104,6.5397e-23,9.69241,7.8,-0.249477,14.5582,detectLogical_PV,sourcePhysical
16495,103,-1,e-,30.1145,4.64253e-23,9.48009,7.39875,2.84335,0.826599,detectLogical_PV,sourcePhysical
16782,155,-1,e-,11.7064,2.38149e-22,7.23518,7.8,3.92101,6.29153,detectLogical_PV,sourcePhysical
17847,103,-1,e-,92.618,3.84606e-23,6.66078,7.8,-0.441285,2.31022,detectLogical_PV,sourcePhysical
18406,154,-1,e-,56.2858,5.67942e-23,9.06675,7.8,1.04013,1.15076,detectLogical_PV,sourcePhysical
18868,103,-1,e-,68.9481,6.28744e-23,7.57292,7.8,-0.136493,14.7652,detectLogical_PV,sourcePhysical
19139,103,-1,e-,112.632,3.64807e-23,6.58282,7.8,0.60659,0.742114,detectLogical_PV,sourcePhysical
20037,178,-1,e-,26.8038,1.08729e-22,5.09352,7.8,3.445,2.68689,detectLogical_PV,sourcePhysical
20195,129,-1,e-,32.9765,9.26964e-23,4.06074,7.8,0.931981,1.45316,detectLogical_PV,sourcePhysical
20440,268,-1,e-,40.6724,7.90088e-23,5.58225,7.8,-1.13955,9.58004,detectLogical_PV,sourcePhysical
20459,110,-1,e-,14.5448,3.31991e-22,5.31448,7.8,-2.02969,7.58021,detectLogical_PV,sourcePhysical
20704,103,-1,e-,66.7137,5.76608e-23,5.26801,7.8,-2.16056,10.6257,detectLogical_PV,sourcePhysical
21671,361,-1,e-,62.488,5.43965e-23,6.68239,7.8,-0.895141,12.5989,detectLogical_PV,sourcePhysical
21695,154,-1,e-,59.5358,6.44447e-23,6.59034,7.8,-0.507588,12.4882,detectLogical_PV,sourcePhysical
22364,103,-1,e-,93.4158,5.47495e-23,7.76677,7.8,1.24385,14.1106,detectLogical_PV,sourcePhysical
22887,103,-1,e-,141.514,2.71062e-23,4.37247,7.8,-0.0604747,5.32092,detectLogical_PV,sourcePhysical
23134,103,-1,e-,20.9988,1.0825e-22,10.5579,7.61092,0.926251,21.1462,detectLogical_PV,sourcePhysical
23218,195,-1,e-,3.55977,8.30871e-22,7.98683,7.8,-1.22548,0.103284,detectLogical_PV,sourcePhysical
23448,103,-1,e-,58.0074,6.54414e-23,8.87448,7.8,-0.856468,10.2914,detectLogical_PV,sourcePhysical
23517,103,-1,e-,36.1716,7.54065e-23,8.46044,7.8,-1.18414,5.81481,detectLogical_PV,sourcePhysical
23694,167,-1,e-,33.4264,1.26292e-22,5.723,7.8,1.50465,10.2794,detectLogical_PV,sourcePhysical
24065,115,-1,e-,166.04,4.64863e-23,7.83949,7.8,0.67362,13.065,detectLogical_PV,sourcePhysical
24093,160,-1,e-,124.633,2.95861e-23,7.82748,7.8,-1.64951,11.1802,detectLogical_PV,sourcePhysical
24355,103,-1,e-,132.157,3.42757e-23,8.15172,7.8,0.909314,0.262751,detectLogical_PV,sourcePhysical
24716,103,-1,e-,92.2377,4.52901e-23,7.80705,7.8,-0.190674,4.16962,detectLogical_PV,sourcePhysical
25863,103,-1,e-,55.9526,7.75117e-23,8.73443,7.8,0.791398,8.43414,detectLogical_PV,sourcePhysical
26491,347,-1,e-,12.1517,2.24306e-22,4.91103,7.8,-0.741664,3.17753,detectLogical_PV,sourcePhysical
26556,103,-1,e-,116.897,3.88725e-23,6.9739,7.8,-2.32687,16.0213,detectLogical_PV,sourcePhysical
27313,103,-1,e-,100.375,5.80093e-23,9.02226,7.8,-1.62309,1.41453,detectLogical_PV,sourcePhysical
28008,103,-1,e-,37.4869,4.60322e-23,10.4324,7.48106,-1.34873,19.1407,detectLogical_PV,sourcePhysical
28510,133,-1,e-,37.1977,1.35097e-22,8.22045,7.8,2.63648,0.305649,detectLogical_PV,sourcePhysical
28677,103,-1,e-,71.1198,4.41878e-23,7.48531,7.8,3.34791,3.08479,detectLogical_PV,sourcePhysical
28836,103,-1,e-,32.0961,1.40185e-22,10.2602,7.8,0.664084,19.1655,detectLogical_PV,sourcePhysical
29288,106,-1,e-,183.281,4.14271e-23,9.67119,7.8,-0.764376,3.30802,detectLogical_PV,sourcePhysical
30390,183,-1,e-,19.5352,1.40763e-22,7.62934,7.8,1.91604,1.72086,detectLogical_PV,sourcePhysical
30510,119,-1,e-,174.778,3.48452e-23,9.56672,7.8,2.67386,5.92726,detectLogical_PV,sourcePhysical
30510,119,-1,e-,18.5838,3.01834e-22,5.5765,7.3,0.651957,5.92726,detectLogical_PV,sourcePhysical
30856,103,-1,e-,40.2061,7.00534e-23,5.53898,7.8,-1.7661,1.90238,detectLogical_PV,sourcePhysical
31311,103,-1,e-,42.3629,8.34819e-23,7.29785,7.8,0.0990453,2.58877,detectLogical_PV,sourcePhysical
31440,103,-1,e-,20.6471,1.45512e-22,9.43345,7.8,0.558016,2.97649,detectLogical_PV,sourcePhysical
31528,111,-1,e-,4.52735,5.40196e-22,5.99591,7.8,2.79028,18.9393,detectLogical_PV,sourcePhysical
31971,224,-1,e-,25.7202,1.1198e-22,6.93475,7.8,-2.68893,8.91414,detectLogical_PV,sourcePhysical
33866,103,-1,e-,2.02148,1.07593e-21,4.36162,7.8,1.19293,2.21632,detectLogical_PV,sourcePhysical
34056,103,-1,e-,52.2179,9.45585e-23,9.54707,7.8,0.617681,6.27341,detectLogical_PV,sourcePhysical
34517,103,-1,e-,53.0298,5.59248e-23,9.85901,7.8,-1.59988,20.0743,detectLogical_PV,sourcePhysical
34795,173,-1,e-,22.6759,1.47497e-22,3.51672,7.8,-2.11779,10.4983,detectLogical_PV,sourcePhysical
37005,110,-1,e-,143.809,3.42804e-23,8.72659,7.8,0.549958,5.80556,detectLogical_PV,sourcePhysical
37567,133,-1,e-,55.315,6.37692e-23,7.16766,7.8,1.99965,3.30713,detectLogical_PV,sourcePhysical
37832,203,-1,e-,88.0864,6.02833e-23,5.95687,7.8,1.33777,1.61958,detectLogical_PV,worldPhysical
38408,376,-1,e-,50.716,6.63571e-23,8.41158,7.8,1.04764,0.253534,detectLogical_PV,sourcePhysical
38458,103,-1,e-,35.0613,8.41506e-23,5.43319,7.8,-2.47763,2.47353,detectLogical_PV,sourcePhysical
38614,151,-1,e-,15.1451,2.76881e-22,7.14028,7.8,1.83847,7.40726,detectLogical_PV,sourcePhysical
39651,103,-1,e-,52.4037,7.59231e-24,10.6289,7.34701,0.548169,1.79805,detectLogical_PV,sourcePhysical
40422,103,-1,e-,82.4829,6.89226e-23,7.40003,7.8,1.49468,2.21896,detectLogical_PV,sourcePhysical
40504,103,-1,e-,129.963,4.87279e-23,8.90779,7.8,1.90431,13.9432,detectLogical_PV,sourcePhysical
40562,144,-1,e-,27.5332,1.17219e-22,5.46614,7.8,1.42381,9.57609,detectLogical_PV,sourcePhysical
42101,251,-1,e-,3.48217,5.99199e-22,6.20227,7.8,3.48911,17.0747,detectLogical_PV,sourcePhysical
42598,103,-1,e-,41.2855,8.15777e-23,6.05028,7.8,1.02756,5.38485,detectLogical_PV,sourcePhysical
42967,218,-1,e-,44.7507,9.81103e-23,8.0843,7.8,3.50096,2.26327,detectLogical_PV,sourcePhysical
43952,103,-1,e-,84.8142,4.40033e-23,6.60586,7.8,-0.0444268,2.63023,detectLogical_PV,sourcePhysical
45418,103,-1,e-,206.522,2.45633e-23,6.28671,7.8,1.58058,1.80842,detectLogical_PV,sourcePhysical
46166,113,-1,e-,40.0992,7.55801e-23,6.36833,7.8,-0.805409,5.02365,detectLogical_PV,sourcePhysical
46360,214,-1,e-,71.3401,7.3954e-23,7.42949,7.8,2.49393,18.9519,detectLogical_PV,sourcePhysical
51291,851,-1,e-,8.75619,3.5781e-22,7.34775,7.8,2.12549,6.28467,detectLogical_PV,sourcePhysical
51426,103,-1,e-,34.2454,1.33951e-22,7.45368,7.8,-0.655018,0.147144,detectLogical_PV,sourcePhysical
51729,103,-1,e-,54.4093,1.57211e-25,10.2977,7.30107,1.67801,1.18912,detectLogical_PV,sourcePhysical
52149,103,-1,e-,51.9183,5.70254e-23,4.69094,7.8,0.531491,6.44415,detectLogical_PV,sourcePhysical
52619,121,-1,e-,38.1877,1.4376e-22,8.16414,7.8,0.896589,14.8243,detectLogical_PV,sourcePhysical
52935,103,-1,e-,34.0766,1.06522e-22,5.87629,7.8,1.35886,26.0212,detectLogical_PV,sourcePhysical
53678,103,-1,e-,63.4227,7.55928e-23,7.17383,7.8,3.21909,17.1569,detectLogical_PV,sourcePhysical
54225,103,-1,e-,39.9412,8.96742e-23,7.63888,7.8,-3.4895,2.87991,detectLogical_PV,sourcePhysical
56203,125,-1,e-,37.3935,7.25143e-23,5.6242,7.8,1.18769,8.10058,detectLogical_PV,sourcePhysical
56317,150,-1,e-,25.8496,7.22667e-23,2.67591,7.62663,0.271784,7.98677,detectLogical_PV,sourcePhysical
56538,110,-1,e-,92.3433,4.17704e-23,10.0399,7.8,0.111793,1.5652,detectLogical_PV,sourcePhysical
57218,107,-1,e-,61.6041,5.41001e-23,8.2191,7.8,3.06414,29.1604,detectLogical_PV,sourcePhysical
58955,125,-1,e-,121.914,5.86696e-23,7.37639,7.8,0.451989,18.4557,detectLogical_PV,sourcePhysical
59092,103,-1,e-,42.6248,7.48592e-23,5.19965,7.8,-2.54856,4.47821,detectLogical_PV,sourcePhysical
59144,176,-1,e-,166.077,2.74092e-23,7.9422,7.8,1.06964,11.1411,detectLogical_PV,sourcePhysical
59225,117,-1,e-,24.3227,1.21158e-22,6.3699,7.8,1.40506,5.1373,detectLogical_PV,sourcePhysical
60166,103,-1,e-,40.349,1.06208e-22,9.35792,7.8,-0.0616596,0.596975,detectLogical_PV,sourcePhysical
60390,103,-1,e-,52.4271,8.53137e-23,8.83909,7.8,3.27344,3.46275,detectLogical_PV,sourcePhysical
60663,103,-1,e-,68.1704,6.37553e-23,9.3505,7.8,1.45349,7.39657,detectLogical_PV,sourcePhysical
61020,157,-1,e-,39.0975,7.04661e-23,9.39908,7.8,-2.62386,1.09963,detectLogical_PV,sourcePhysical
61161,103,-1,e-,108.551,3.23667e-23,5.394,7.8,1.69492,3.85769,detectLogical_PV,sourcePhysical
61530,103,-1,e-,34.7576,9.76202e-23,7.52161,7.8,-0.1283,3.21641,detectLogical_PV,sourcePhysical
61870,107,-1,e-,83.0993,4.16727e-23,5.52197,7.8,0.900484,0.272998,detectLogical_PV,sourcePhysical
62533,188,-1,e-,37.3743,7.74309e-23,8.22412,7.8,-0.466502,0.448711,detectLogical_PV,sourcePhysical
62744,153,-1,e-,94.2064,3.99063e-23,9.36951,7.8,0.436943,4.28042,detectLogical_PV,sourcePhysical
62752,103,-1,e-,59.6397,7.30377e-23,6.53985,7.8,-1.12712,17.2293,detectLogical_PV,sourcePhysical
63373,103,-1,e-,28.9525,1.7765e-22,7.67032,7.8,-0.461556,3.5601,detectLogical_PV,sourcePhysical
64492,103,-1,e-,101.843,3.52756e-23,4.43128,7.8,0.539479,3.40603,detectLogical_PV,sourcePhysical
65084,103,-1,e-,72.8234,4.54405e-23,3.91137,7.8,-0.827163,0.241433,detectLogical_PV,sourcePhysical
65499,147,-1,e-,75.9527,7.43326e-23,8.03906,7.79008,3.7572,8.58299,detectLogical_PV,sourcePhysical
65510,103,-1,e-,121,3.39424e-23,8.19902,7.8,-2.11655,2.2475,detectLogical_PV,sourcePhysical
66016,103,-1,e-,77.0708,4.57423e-23,5.83246,7.8,1.41319,11.1434,detectLogical_PV,sourcePhysical
66138,174,-1,e-,120.06,4.44798e-23,9.94403,7.8,1.33184,16.5053,detectLogical_PV,sourcePhysical
66349,233,-1,e-,97.6765,4.01383e-23,8.47295,7.8,-0.733995,2.47662,detectLogical_PV,sourcePhysical
67442,103,-1,e-,63.6024,4.67571e-23,8.89291,7.8,2.87704,4.60139,detectLogical_PV,sourcePhysical
67929,110,-1,e-,64.2871,9.67009e-23,7.96911,7.8,-1.54388,14.3768,detectLogical_PV,sourcePhysical
67974,103,-1,e-,22.7135,1.20234e-22,5.67955,7.62212,3.87629,13.2402,detectLogical_PV,sourcePhysical
68194,103,-1,e-,36.8879,1.06245e-22,7.35394,7.8,-1.92508,6.896,detectLogical_PV,sourcePhysical
68734,103,-1,e-,53.2874,8.6014e-23,8.68632,7.8,1.22303,7.19621,detectLogical_PV,sourcePhysical
68877,103,-1,e-,48.7503,8.70872e-23,8.63886,7.71727,-3.48001,0.246914,detectLogical_PV,sourcePhysical
69250,129,-1,e-,56.7615,1.09423e-22,9.26158,7.8,-0.978876,12.3576,detectLogical_PV,sourcePhysical
69250,129,-1,e-,24.2799,2.57937e-22,8.87701,7.3,1.68464,12.3576,detectLogical_PV,sourcePhysical
69393,120,-1,gamma,18.7478,0,10.6352,7.41331,0.500508,10.5873,detectLogical_PV,targetPhysical
69671,202,-1,e-,97.3673,2.99325e-24,7.69635,7.33059,3.8652,1.33588,detectLogical_PV,sourcePhysical
69991,107,-1,e-,80.5159,4.05171e-23,5.73531,7.8,-1.71551,2.98267,detectLogical_PV,sourcePhysical
70060,111,-1,e-,3.62426,7.02912e-22,7.38755,7.8,1.21535,2.95665,detectLogical_PV,sourcePhysical
70312,103,-1,e-,88.8143,6.07625e-23,10.5655,7.69978,-0.89376,5.24907,detectLogical_PV,sourcePhysical
71004,176,-1,e-,140.202,2.86414e-23,7.39982,7.8,0.267618,2.10101,detectLogical_PV,sourcePhysical
71574,363,-1,e-,57.93,6.83176e-23,5.34903,7.8,-3.71737,27.1144,detectLogical_PV,sourcePhysical
72082,124,-1,e-,61.2907,5.4358e-23,8.77316,7.8,1.53835,3.82834,detectLogical_PV,sourcePhysical
72506,103,-1,e-,36.2745,1.53975e-22,8.74935,7.8,-2.8035,3.85809,detectLogical_PV,sourcePhysical
72553,103,-1,e-,81.3631,1.7785e-23,9.4104,7.47393,2.91066,0.287133,detectLogical_PV,sourcePhysical
72619,103,-1,e-,106.947,3.89657e-23,8.44094,7.8,-3.29515,10.9902,detectLogical_PV,sourcePhysical
73000,103,-1,e-,26.2555,1.00903e-22,6.38363,7.8,1.81118,4.2183,detectLogical_PV,sourcePhysical
73474,140,-1,e-,39.2391,8.6735e-23,7.68244,7.8,1.3534,5.20202,detectLogical_PV,sourcePhysical
74349,103,-1,e-,57.7563,5.45948e-23,4.23232,7.8,-0.723926,6.18405,detectLogical_PV,sourcePhysical
75317,106,-1,e-,108.521,3.82741e-23,9.49468,7.8,-1.39911,6.51949,detectLogical_PV,sourcePhysical
75864,119,-1,e-,73.5187,5.35113e-23,7.37725,7.8,-1.48194,5.03419,detectLogical_PV,sourcePhysical
76103,128,-1,e-,11.4481,2.25926e-22,4.81486,7.8,-3.06329,0.160615,detectLogical_PV,worldPhysical
77342,103,-1,e-,123.431,5.05684e-23,10.4836,7.8,-0.530983,2.95915,detectLogical_PV,sourcePhysical
78255,103,-1,e-,62.6536,4.16978e-23,9.13889,7.57632,3.14453,4.18101,detectLogical_PV,sourcePhysical
79371,103,-1,e-,48.2677,6.77823e-23,5.92598,7.8,-2.90875,6.89613,detectLogical_PV,sourcePhysical
79781,106,-1,e-,81.6363,3.87484e-23,6.2585,7.8,-1.85551,0.65742,detectLogical_PV,sourcePhysical
80040,110,-1,e-,117.385,4.10637e-23,5.71652,7.8,1.48238,7.15612,detectLogical_PV,sourcePhysical
80492,103,-1,e-,70.9642,4.56165e-23,4.67676,7.8,-1.95132,3.14505,detectLogical_PV,sourcePhysical
80498,277,-1,e-,31.3338,8.81108e-23,5.40033,7.8,-1.78304,12.6713,detectLogical_PV,sourcePhysical
82123,125,-1,e-,73.6822,4.52478e-23,5.90663,7.8,-0.235423,32.7471,detectLogical_PV,sourcePhysical
82608,103,-1,e-,57.2317,5.64116e-23,8.81353,7.8,1.17623,10.3721,detectLogical_PV,sourcePhysical
82627,103,-1,e-,21.4347,2.41318e-22,7.47817,7.8,-2.87198,4.13761,detectLogical_PV,sourcePhysical
83237,130,-1,e-,134.712,3.76122e-23,8.40945,7.8,-3.1395,2.33365,detectLogical_PV,sourcePhysical
83619,146,-1,e-,17.225,1.48802e-22,8.05949,7.8,1.79677,2.08682,detectLogical_PV,sourcePhysical
83671,150,-1,e-,81.9532,4.39327e-23,9.31712,7.8,-0.811441,7.16661,detectLogical_PV,sourcePhysical
83772,103,-1,e-,112.188,4.23037e-23,6.30587,7.8,-0.815097,23.9173,detectLogical_PV,sourcePhysical
84432,136,-1,e-,80.3365,5.06582e-23,9.1789,7.68163,3.11266,2.43348,detectLogical_PV,sourcePhysical
85050,130,-1,e-,80.2696,5.16659e-23,9.61927,7.8,-2.31005,2.13747,detectLogical_PV,sourcePhysical
85083,103,-1,e-,80.4459,3.93611e-23,8.88352,7.8,1.82054,12.9434,detectLogical_PV,sourcePhysical
85687,103,-1,e-,15.2012,2.60406e-22,7.94538,7.8,-3.29284,0.397187,detectLogical_PV,sourcePhysical
86388,103,-1,e-,38.753,8.94047e-23,6.9025,7.8,-3.79721,3.7153,detectLogical_PV,sourcePhysical
87283,103,-1,e-,43.5493,6.80531e-23,5.11956,7.8,0.60207,0.0295898,detectLogical_PV,sourcePhysical
87381,103,-1,e-,52.6009,7.56199e-23,4.38693,7.8,-0.317143,0.691717,detectLogical_PV,worldPhysical
88205,147,-1,e-,30.6078,1.21661e-22,9.91172,7.8,1.79422,4.29805,detectLogical_PV,sourcePhysical
88389,143,-1,e-,21.6449,3.30514e-22,8.58594,7.8,-2.18158,6.77286,detectLogical_PV,sourcePhysical
88639,103,-1,e-,85.8472,4.61841e-23,10.1249,7.8,0.453442,8.70947,detectLogical_PV,sourcePhysical
88897,103,-1,e-,56.4275,6.17258e-23,8.59059,7.8,1.74722,6.46697,detectLogical_PV,sourcePhysical
89151,185,-1,e-,12.5505,2.34476e-22,5.95131,7.8,-2.51169,0.00163142,detectLogical_PV,sourcePhysical
89960,103,-1,e-,138.995,3.08531e-23,5.50417,7.8,0.107532,6.82053,detectLogical_PV,sourcePhysical
90260,103,-1,e-,57.4755,5.31955e-23,4.65566,7.8,0.677509,0.509424,detectLogical_PV,sourcePhysical
90481,110,-1,e-,166.663,6.04793e-23,8.88678,7.8,3.03945,4.47597,detectLogical_PV,sourcePhysical
90770,143,-1,e-,89.6587,4.09375e-23,6.18755,7.8,1.42186,5.88102,detectLogical_PV,sourcePhysical
90966,103,-1,e-,80.5478,4.25858e-23,4.96622,7.8,-1.27267,3.60543,detectLogical_PV,sourcePhysical
93050,182,-1,e-,109.281,4.34893e-23,5.61724,7.8,-1.22709,11.7,detectLogical_PV,sourcePhysical
93845,122,-1,e-,93.1951,4.0771e-23,4.11778,7.8,-1.5419,7.90711,detectLogical_PV,sourcePhysical
93849,103,-1,e-,228.509,3.20565e-23,6.66581,7.8,2.04513,5.9398,detectLogical_PV,sourcePhysical
93859,103,-1,e-,15.9115,3.65826e-22,4.12637,7.8,-0.600109,0.813811,detectLogical_PV,sourcePhysical
94213,174,-1,e-,23.2964,1.65001e-22,7.14542,7.8,-2.46058,1.25864,detectLogical_PV,sourcePhysical
94692,191,-1,gamma,23.2375,0,7.20518,7.8,-0.265107,9.07922,detectLogical_PV,targetPhysical
94924,191,-1,e-,20.729,1.59848e-22,6.51953,7.8,-2.06011,4.59453,detectLogical_PV,sourcePhysical
95937,171,-1,e-,25.8808,1.70157e-22,7.76153,7.8,-2.13678,9.74965,detectLogical_PV,sourcePhysical
95961,103,-1,e-,70.6428,6.2556e-23,5.99942,7.8,1.44429,3.37086,detectLogical_PV,sourcePhysical
96878,112,-1,e-,46.061,9.6526e-23,6.1359,7.8,-3.0727,13.7259,detectLogical_PV,sourcePhysical
97930,151,-1,e-,46.1428,7.70069e-23,7.57383,7.8,2.64972,7.91964,detectLogical_PV,sourcePhysical
98209,103,-1,e-,36.8139,7.31931e-23,4.1747,7.8,-0.313339,8.62722,detectLogical_PV,sourcePhysical
99115,221,-1,e-,40.1009,7.70208e-23,8.2616,7.8,3.01947,0.481897,detectLogical_PV,sourcePhysical
99355,175,-1,e-,57.953,5.24148e-23,7.00777,7.8,0.773463,17.5214,detectLogical_PV,sourcePhysical
99458,103,-1,e-,30.5809,2.33777e-22,9.18875,7.8,0.717126,16.2814,detectLogical_PV,sourcePhysical
99495,103,-1,e-,85.1205,4.09519e-23,7.75677,7.8,2.36026,4.59903,detectLogical_PV,sourcePhysical
99741,166,-1,e-,43.0789,7.85479e-23,5.49651,7.8,-1.87559,3.30367,detectLogical_PV,sourcePhysical
99745,103,-1,e-,71.1294,5.12546e-23,6.08196,7.8,-3.90207,4.32043,detectLogical_PV,sourcePhysical
100563,103,-1,e-,16.1476,1.5398e-22,10.3486,7.8,1.35641,2.90801,detectLogical_PV,sourcePhysical
100635,103,-1,e-,129.512,3.20239e-23,8.21142,7.8,-2.21846,3.07469,detectLogical_PV,sourcePhysical
100814,218,-1,e-,134.595,4.38044e-23,7.95346,7.8,0.285105,0.261967,detectLogical_PV,sourcePhysical
100849,103,-1,e-,30.3421,1.08576e-22,5.95011,7.8,-1.21269,3.48453,detectLogical_PV,sourcePhysical
100916,103,-1,e-,51.9451,6.26389e-23,5.65448,7.8,-2.02172,1.80658,detectLogical_PV,sourcePhysical
102661,281,-1,e-,72.9609,8.13303e-23,10.2507,7.8,-0.00793406,12.1578,detectLogical_PV,sourcePhysical
103328,103,-1,e-,32.0996,8.88938e-23,5.65695,7.8,1.55195,2.19734,detectLogical_PV,sourcePhysical
103737,103,-1,e-,12.5259,1.27261e-22,3.07473,7.6261,-1.76012,0.601518,detectLogical_PV,sourcePhysical
104086,145,-1,e-,11.642,2.04914e-22,10.6582,7.47086,-0.259619,18.0578,detectLogical_PV,sourcePhysical
104231,197,-1,e-,128.434,5.31389e-23,7.24177,7.8,0.939083,0.585569,detectLogical_PV,sourcePhysical
104296,137,-1,e-,11.3112,2.44589e-22,9.10803,7.8,0.62817,2.3345,detectLogical_PV,sourcePhysical
106226,143,-1,e-,19.0185,1.75218e-22,4.79962,7.8,-0.864433,11.4326,detectLogical_PV,sourcePhysical
106549,103,-1,e-,18.7985,1.44514e-22,6.01315,7.8,-0.00912401,0.245052,detectLogical_PV,sourcePhysical
107741,210,-1,e-,46.0176,8.73439e-23,7.73706,7.8,0.211741,0.64117,detectLogical_PV,sourcePhysical
107817,179,-1,e-,35.8432,1.06963e-22,9.61839,7.8,-0.302258,3.93824,detectLogical_PV,sourcePhysical
107938,103,-1,e-,40.7442,8.93517e-23,7.0059,7.8,3.86028,0.222247,detectLogical_PV,sourcePhysical
108466,155,-1,e-,57.9433,6.20261e-23,9.77598,7.8,-1.16483,6.80001,detectLogical_PV,sourcePhysical
108914,123,-1,e-,136.978,3.20049e-23,7.19439,7.8,-1.31368,1.54276,detectLogical_PV,sourcePhysical
110084,103,-1,e-,74.339,5.52342e-23,8.05167,7.8,-3.72598,5.99917,detectLogical_PV,sourcePhysical
110405,119,-1,e-,189.454,2.7928e-23,6.89275,7.8,-0.403615,7.86708,detectLogical_PV,sourcePhysical
111299,103,-1,e-,14.1193,1.74545e-22,3.79407,7.8,1.04081,3.89194,detectLogical_PV,sourcePhysical
111882,103,-1,e-,35.38,7.83696e-23,6.88855,7.8,1.53987,4.54921,detectLogical_PV,sourcePhysical
112601,103,-1,e-,61.3164,2.08361e-23,9.73999,7.44023,2.56021,8.64187,detectLogical_PV,sourcePhysical
113269,103,-1,e-,132.655,5.18978e-23,9.93877,7.8,-1.04511,18.2742,detectLogical_PV,sourcePhysical
114321,103,-1,e-,79.9526,4.49198e-23,5.78011,7.8,-2.22493,6.40356,detectLogical_PV,sourcePhysical
114492,126,-1,e-,77.8151,4.88602e-23,7.35415,7.61715,3.94048,9.61401,detectLogical_PV,sourcePhysical
115016,107,-1,gamma,1.23826,0,5.39767,7.8,3.43781,10.221,detectLogical_PV,NA
115191,270,-1,e-,16.4354,2.28875e-22,9.90963,7.8,0.615728,12.2162,detectLogical_PV,worldPhysical
115720,103,-1,e-,29.4059,1.27883e-22,5.53849,7.8,-1.87605,0.251096,detectLogical_PV,sourcePhysical
116268,103,-1,e-,123.474,3.31216e-23,8.05124,7.8,2.71196,1.41419,detectLogical_PV,sourcePhysical
118680,103,-1,e-,66.8088,6.25301e-23,9.31883,7.8,-2.33102,7.65511,detectLogical_PV,sourcePhysical
119093,103,-1,e-,102.944,3.56257e-23,6.81075,7.8,3.04995,0.390748,detectLogical_PV,sourcePhysical
119342,268,-1,e-,81.9802,4.50144e-23,7.11245,7.8,1.43145,17.625,detectLogical_PV,sourcePhysical
120116,188,-1,e-,82.4376,4.93704e-23,5.79948,7.8,0.52728,6.78445,detectLogical_PV,sourcePhysical
120321,103,-1,e-,54.3645,5.75554e-23,4.43533,7.8,3.21291,4.90145,detectLogical_PV,sourcePhysical
120636,231,-1,e-,82.6068,5.10594e-23,10.0664,7.8,1.57584,31.2228,detectLogical_PV,sourcePhysical
120953,103,-1,e-,44.6293,6.53395e-23,5.07031,7.8,-0.49167,3.59165,detectLogical_PV,sourcePhysical
121361,248,-1,e-,38.2089,7.89206e-23,5.76571,7.8,-1.01801,13.0439,detectLogical_PV,sourcePhysical
121503,153,-1,e-,155.841,3.68759e-23,7.10038,7.8,-3.18902,4.13878,detectLogical_PV,sourcePhysical
121513,351,-1,e-,21.276,1.62217e-22,7.84767,7.8,-2.27496,3.23803,detectLogical_PV,sourcePhysical
122036,280,-1,e-,113.857,3.27128e-23,9.80318,7.72,-2.4824,4.00981,detectLogical_PV,sourcePhysical
122210,260,-1,e-,19.9224,1.64831e-22,10.1729,7.8,0.703581,5.38348,detectLogical_PV,sourcePhysical
122838,139,-1,e-,79.6269,4.96073e-23,6.20996,7.8,-1.53445,20.5599,detectLogical_PV,worldPhysical
123291,107,-1,e-,26.9775,1.22344e-22,10.4923,7.8,-0.372775,7.3092,detectLogical_PV,sourcePhysical
123510,103,-1,e-,71.6294,8.45434e-23,9.04746,7.8,-2.91317,4.02413,detectLogical_PV,sourcePhysical
124603,190,-1,e-,152.76,3.58121e-23,7.08071,7.8,3.93318,14.9401,detectLogical_PV,sourcePhysical
124747,103,-1,e-,17.5701,1.63259e-22,5.90081,7.8,0.448158,0.145034,detectLogical_PV,sourcePhysical
126175,106,-1,e-,188.674,2.75005e-23,6.33944,7.8,0.684671,9.77049,detectLogical_PV,sourcePhysical
126231,103,-1,e-,93.916,4.77895e-23,4.22637,7.8,1.74823,5.47085,detectLogical_PV,sourcePhysical
126363,140,-1,e-,46.5274,8.47162e-23,7.40889,7.8,-0.436866,0.0184447,detectLogical_PV,sourcePhysical
129988,103,-1,e-,31.8114,1.03616e-22,6.95395,7.8,-1.76107,8.98717,detectLogical_PV,sourcePhysical
130285,129,-1,e-,158.735,4.36623e-23,10.0436,7.8,2.00134,2.30704,detectLogical_PV,worldPhysical
130542,142,-1,e-,60.8741,5.09212e-23,9.25233,7.8,-1.59512,6.24554,detectLogical_PV,sourcePhysical
130604,103,-1,e-,83.3069,6.59678e-23,9.93664,7.66652,2.30375,4.70184,detectLogical_PV,sourcePhysical
130729,103,-1,e-,152.948,5.06977e-23,5.66467,7.8,-2.05629,1.69489,detectLogical_PV,sourcePhysical
131379,374,-1,e-,49.9774,8.91828e-23,9.73089,7.8,2.44969,1.74806,detectLogical_PV,sourcePhysical
132687,103,-1,e-,119.667,4.61854e-23,4.88067,7.8,3.04526,2.69608,detectLogical_PV,sourcePhysical
132731,178,-1,e-,16.3376,1.70175e-22,8.63068,7.8,1.07613,0.986485,detectLogical_PV,sourcePhysical
133407,103,-1,e-,99.0699,6.44166e-23,6.83076,7.8,-0.736848,6.84362,detectLogical_PV,sourcePhysical
133642,106,-1,e-,113.659,4.26907e-23,7.64776,7.8,0.225837,0.764513,detectLogical_PV,sourcePhysical
134842,185,-1,e-,54.8107,5.9158e-23,6.10854,7.8,-2.43663,1.76689,detectLogical_PV,sourcePhysical
135640,228,-1,e-,15.7226,2.90365e-22,7.10846,7.8,-1.37332,7.34735,detectLogical_PV,sourcePhysical
136148,256,-1,e-,23.8775,1.38171e-22,5.68628,7.8,-2.62041,3.30351,detectLogical_PV,sourcePhysical
136743,134,-1,e-,87.7309,5.50423e-23,10.6007,7.8,-0.414203,21.6129,detectLogical_PV,sourcePhysical
137478,115,-1,e-,52.4195,6.60489e-23,6.65402,7.8,1.10359,19.3701,detectLogical_PV,sourcePhysical
137755,103,-1,e-,84.9066,5.01535e-23,8.7357,7.8,-2.43131,11.6049,detectLogical_PV,sourcePhysical
137816,103,-1,e-,65.2469,3.81968e-23,10.6105,7.58402,-0.668228,5.67612,detectLogical_PV,sourcePhysical
138257,103,-1,e-,92.4548,4.18979e-23,8.77945,7.8,-1.83054,1.52621,detectLogical_PV,worldPhysical
138485,166,-1,e-,3.98541,1.06069e-21,9.71727,7.8,-1.00914,0.64068,detectLogical_PV,sourcePhysical
138549,103,-1,e-,15.9374,1.79833e-22,9.00505,7.8,1.73337,4.01096,detectLogical_PV,sourcePhysical
138615,106,-1,e-,63.2546,8.67907e-23,3.16603,7.8,-0.818633,6.81919,detectLogical_PV,sourcePhysical
138904,106,-1,e-,61.9771,5.31612e-23,5.38453,7.8,1.7295,22.6706,detectLogical_PV,sourcePhysical
139030,121,-1,e-,60.6605,5.58176e-23,5.10746,7.8,2.61748,1.20697,detectLogical_PV,sourcePhysical
139164,103,-1,e-,91.9551,3.97418e-23,9.11507,7.8,1.49523,8.96744,detectLogical_PV,sourcePhysical
139590,103,-1,e-,99.0407,3.97737e-23,4.47707,7.8,1.20242,8.99608,detectLogical_PV,sourcePhysical
139687,103,-1,e-,64.5892,5.83938e-23,3.13133,7.8,1.75905,6.85673,detectLogical_PV,worldPhysical
139831,155,-1,e-,150.193,3.16071e-23,7.75332,7.8,-1.77009,7.15174,detectLogical_PV,sourcePhysical
139850,103,-1,e-,105.238,3.99767e-23,7.83746,7.8,2.03882,3.09311,detectLogical_PV,sourcePhysical
140145,220,-1,e-,100.167,6.57581e-23,9.30721,7.8,1.26199,6.25716,detectLogical_PV,sourcePhysical
141196,103,-1,e-,39.4383,5.79655e-23,9.84023,7.51549,-2.43485,4.4662,detectLogical_PV,sourcePhysical
143368,108,-1,e-,71.4801,6.10045e-23,5.69961,7.8,-2.79687,18.0282,detectLogical_PV,sourcePhysical
143528,111,-1,e-,119.952,4.23361e-23,7.82256,7.8,2.59305,0.138977,detectLogical_PV,sourcePhysical
145310,103,-1,e-,36.0889,7.79302e-23,6.94474,7.70074,3.99032,1.54556,detectLogical_PV,sourcePhysical
146135,103,-1,e-,123.546,3.14244e-23,4.21856,7.8,2.60672,1.41319,detectLogical_PV,sourcePhysical
146643,103,-1,e-,48.5335,7.10878e-23,7.48727,7.8,-0.211218,15.1998,detectLogical_PV,sourcePhysical
147187,103,-1,e-,68.2594,6.90869e-23,10.277,7.8,1.4821,0.747636,detectLogical_PV,sourcePhysical
147732,103,-1,e-,76.2329,6.7217e-23,7.16565,7.8,3.00547,23.0833,detectLogical_PV,sourcePhysical
147770,262,-1,e-,37.8033,7.56915e-23,7.33685,7.8,0.775255,3.39869,detectLogical_PV,sourcePhysical
148312,103,-1,e-,46.9349,7.12725e-23,6.99412,7.8,-0.505222,1.42655,detectLogical_PV,sourcePhysical
148582,103,-1,e-,141.524,5.24835e-23,8.45144,7.8,-0.0381552,5.03434,detectLogical_PV,sourcePhysical
149596,446,-1,gamma,40.5886,0,4.41395,7.8,-2.61693,10.2396,detectLogical_PV,targetPhysical
149646,218,-1,e-,32.1848,9.86529e-23,6.15704,7.8,-0.962892,2.69394,detectLogical_PV,sourcePhysical
149806,103,-1,e-,46.9104,9.26072e-23,8.00607,7.8,-2.63332,1.75405,detectLogical_PV,sourcePhysical
150303,282,-1,e-,112.02,3.27629e-23,7.63327,7.8,-2.13453,6.07124,detectLogical_PV,sourcePhysical
151915,261,-1,e-,52.4215,9.06882e-23,8.15546,7.8,-2.61797,4.99881,detectLogical_PV,sourcePhysical
152256,169,-1,e-,64.0181,6.37149e-23,3.15158,7.72204,1.90896,0.979302,detectLogical_PV,sourcePhysical
152408,103,-1,e-,65.5171,6.86565e-23,5.83904,7.8,-3.71458,18.7267,detectLogical_PV,sourcePhysical
152906,103,-1,e-,31.2871,9.43359e-23,8.66673,7.8,0.602575,18.2577,detectLogical_PV,sourcePhysical
153691,141,-1,e-,105.179,4.57264e-23,5.6026,7.8,-0.187965,0.28772,detectLogical_PV,sourcePhysical
153883,373,-1,e-,10.0057,3.29812e-22,7.545,7.8,0.22364,1.63857,detectLogical_PV,sourcePhysical
154901,103,-1,e-,100.024,6.41311e-23,7.50477,7.8,1.06484,3.57629,detectLogical_PV,worldPhysical
155089,103,-1,e-,46.3117,7.62983e-23,7.0059,7.8,-3.88035,3.4136,detectLogical_PV,sourcePhysical
155163,130,-1,e-,72.5874,5.07088e-23,9.76457,7.8,-0.135885,4.49392,detectLogical_PV,sourcePhysical
155256,103,-1,e-,56.1105,7.29519e-23,10.3852,7.8,0.815469,5.80581,detectLogical_PV,sourcePhysical
155340,177,-1,e-,98.7924,3.88909e-23,7.27473,7.8,0.240272,2.46651,detectLogical_PV,sourcePhysical
155388,103,-1,e-,43.756,2.93337e-23,10.6067,7.4617,-0.689834,29.2641,detectLogical_PV,sourcePhysical
155558,103,-1,e-,24.2289,2.12863e-22,9.45204,7.8,-1.61299,11.1986,detectLogical_PV,sourcePhysical
157067,260,-1,e-,5.17872,6.90298e-22,6.18491,7.8,-0.346483,19.8488,detectLogical_PV,sourcePhysical
157106,103,-1,e-,58.3479,5.73939e-23,9.85433,7.8,-1.67226,30.0126,detectLogical_PV,sourcePhysical
157330,110,-1,e-,32.6241,1.13388e-22,6.00075,7.8,1.32485,2.83272,detectLogical_PV,sourcePhysical
158269,106,-1,e-,55.1693,6.92315e-23,9.46365,7.8,1.61074,3.70159,detectLogical_PV,sourcePhysical
158935,142,-1,e-,51.2138,7.4721e-23,9.977,7.8,0.727064,1.87095,detectLogical_PV,sourcePhysical
159014,124,-1,e-,24.9185,1.12024e-22,5.15679,7.8,-0.727043,7.75982,detectLogical_PV,sourcePhysical
159537,103,-1,e-,91.8396,4.27343e-23,5.97992,7.8,2.49408,8.68282,detectLogical_PV,sourcePhysical
159680,103,-1,e-,73.733,7.30687e-23,10.0255,7.8,-1.78179,34.8605,detectLogical_PV,sourcePhysical
159760,154,-1,e-,36.5341,8.38234e-23,8.17612,7.8,-0.747098,12.0504,detectLogical_PV,worldPhysical
160119,123,-1,e-,38.321,1.09676e-22,4.62697,7.8,-0.834877,4.20108,detectLogical_PV,sourcePhysical
160690,103,-1,e-,25.645,1.11721e-22,5.55883,7.8,1.67424,13.7521,detectLogical_PV,worldPhysical
161118,103,-1,e-,26.3948,1.35447e-22,8.09373,7.8,3.18091,3.87911,detectLogical_PV,sourcePhysical
161631,103,-1,e-,22.002,8.24609e-23,7.88258,7.56259,-3.81072,4.13721,detectLogical_PV,sourcePhysical
162173,266,-1,e-,26.4595,1.15431e-22,7.64021,7.8,2.48043,0.821364,detectLogical_PV,sourcePhysical
162628,103,-1,e-,116.584,4.11372e-23,6.57571,7.8,-1.18869,9.35982,detectLogical_PV,worldPhysical
162704,103,-1,e-,61.3048,5.37453e-23,6.71381,7.8,2.20955,2.57947,detectLogical_PV,sourcePhysical
164300,250,-1,e-,25.7169,1.09538e-22,6.60749,7.8,-3.60822,0.875615,detectLogical_PV,worldPhysical
164638,103,-1,e-,66.41,5.57249e-23,6.11832,7.8,-0.851038,7.6443,detectLogical_PV,sourcePhysical
164874,103,-1,e-,19.6818,1.33403e-22,7.68692,7.8,-2.7548,6.75226,detectLogical_PV,sourcePhysical
165387,103,-1,e-,105.529,3.98084e-23,5.03573,7.8,0.0712863,3.7386,detectLogical_PV,sourcePhysical
165807,103,-1,e-,54.8251,6.82524e-23,10.0164,7.8,-1.45423,20.8149,detectLogical_PV,worldPhysical
166012,202,-1,e-,95.0568,3.97703e-23,6.37069,7.8,-2.247,4.49043,detectLogical_PV,worldPhysical
166033,168,-1,e-,23.0451,2.2414e-22,8.46074,7.8,-0.510193,10.9251,detectLogical_PV,sourcePhysical
166208,121,-1,e-,97.4695,4.15687e-23,9.30856,7.8,-1.48331,7.25245,detectLogical_PV,sourcePhysical
166350,267,-1,e-,126.602,2.98236e-23,4.72588,7.8,-0.148828,2.68101,detectLogical_PV,sourcePhysical
