#class tools::wcsv::ntuple
#title APXS Detector Hits
#separator 44
#vector_separator 59
#column int EventID
#column int TrackID
#column int MigrantID
#column string Particle
#column double InitialEnergy
#column double DepositedEnergy
#column double XPosition
#column double YPosition
#column double ZPosition
#column double LocalTime
#column string Volume
#column string ParentVolume
1102,106,-1,gamma,24.8888,0,3.69141,7.8,-0.441177,1.95147,detectLogical_PV,subPhysical
3116,115,-1,gamma,22.139,0,6.2069,7.8,-0.481572,1.89942,detectLogical_PV,subPhysical
3802,110,-1,gamma,21.3639,0,4.62315,7.8,-1.34313,2.2738,detectLogical_PV,sourcePhysical
4077,106,-1,gamma,24.9205,0,4.56309,7.8,-2.68661,0.691094,detectLogical_PV,subPhysical
5553,137,-1,gamma,21.6571,0,4.69801,7.8,-0.59638,0.933198,detectLogical_PV,sourcePhysical
5838,107,-1,gamma,22.139,0,10.5134,7.37107,1.0967,1.09488,detectLogical_PV,subPhysical
6115,144,-1,gamma,24.9205,0,9.00032,7.8,-1.87924,2.75847,detectLogical_PV,subPhysical
6434,106,-1,gamma,21.9609,0,4.85215,7.8,3.22878,0.585343,detectLogical_PV,sourcePhysical
7233,106,-1,gamma,21.9609,0,4.84053,7.8,-2.6653,1.38511,detectLogical_PV,subPhysical
8442,114,-1,gamma,24.9205,0,4.16684,7.8,-0.892705,1.56601,detectLogical_PV,subPhysical
8631,109,-1,gamma,22.139,0,7.02293,7.8,-3.35738,1.62702,detectLogical_PV,subPhysical
9518,106,-1,gamma,22.139,0,9.97243,7.8,1.59844,0.1734,detectLogical_PV,subPhysical
9601,150,-1,gamma,22.139,0,5.68924,7.8,0.336675,1.38046,detectLogical_PV,subPhysical
9784,141,-1,gamma,24.8888,0,9.14755,7.37475,-3.13771,3.68091,detectLogical_PV,subPhysical
11334,129,-1,gamma,21.9609,0,6.09674,7.67904,3.95919,0.0613133,detectLogical_PV,worldPhysical
11572,108,-1,gamma,21.9609,0,9.12359,7.406,-3.1565,1.44563,detectLogical_PV,subPhysical
12959,125,-1,gamma,25.4259,0,9.61684,7.76113,2.7012,3.65153,detectLogical_PV,subPhysical
13279,149,-1,gamma,1.72052,0,6.45336,7.8,-0.292785,1.60371,detectLogical_PV,NA
15288,112,-1,gamma,22.139,0,10.3864,7.73332,1.47093,0.250689,detectLogical_PV,sourcePhysical
15318,103,-1,gamma,25.4259,0,5.91074,7.68032,3.92792,4.662,detectLogical_PV,subPhysical
15605,117,-1,gamma,24.8888,0,3.67791,7.8,1.25278,1.99796,detectLogical_PV,subPhysical
15854,107,-1,gamma,24.8888,0,10.6661,7.4186,-0.0691782,1.49677,detectLogical_PV,subPhysical
17533,130,-1,gamma,21.9609,0,10.1271,7.37805,2.00626,6.26028,detectLogical_PV,subPhysical
18091,108,-1,gamma,22.139,0,9.40477,7.44772,2.91596,0.783203,detectLogical_PV,subPhysical
18099,127,-1,gamma,24.9205,0,3.86945,7.8,2.67837,0.793993,detectLogical_PV,subPhysical
19077,114,-1,gamma,21.9609,0,2.93082,7.8,0.301341,0.79035,detectLogical_PV,worldPhysical
19157,117,-1,gamma,22.139,0,5.00929,7.3,2.73369,5.43356,detectLogical_PV,subPhysical
20418,113,-1,gamma,21.9609,0,4.97313,7.8,-1.11383,0.728461,detectLogical_PV,sourcePhysical
21898,141,-1,gamma,22.139,0,6.64799,7.8,2.9245,0.259559,detectLogical_PV,subPhysical
23080,124,-1,gamma,22.139,0,6.92013,7.8,2.22594,4.59921,detectLogical_PV,subPhysical
24161,128,-1,gamma,22.139,0,9.53736,7.40988,-2.78552,0.196033,detectLogical_PV,subPhysical
25677,122,-1,gamma,20.1705,0,6.43929,7.8,2.69812,6.4016,detectLogical_PV,sourcePhysical
26117,110,-1,gamma,22.139,0,5.5699,7.8,1.10165,0.418701,detectLogical_PV,worldPhysical
26430,128,-1,gamma,22.139,0,7.10957,7.8,-3.44059,0.588905,detectLogical_PV,sourcePhysical
26998,107,-1,gamma,21.9609,0,9.34965,7.54182,-2.96675,3.23899,detectLogical_PV,subPhysical
27064,108,-1,gamma,22.139,0,7.30104,7.8,-1.75213,2.82638,detectLogical_PV,sourcePhysical
27176,109,-1,gamma,22.139,0,3.87497,7.3,-2.67127,1.13288,detectLogical_PV,sourcePhysical
27227,131,-1,gamma,22.139,0,8.82589,7.8,-0.394628,2.53813,detectLogical_PV,subPhysical
27277,114,-1,gamma,21.9609,0,3.67528,7.8,0.477422,2.58467,detectLogical_PV,subPhysical
27532,107,-1,gamma,22.139,0,9.81146,7.6759,-2.4719,0.319193,detectLogical_PV,subPhysical
27969,114,-1,gamma,25.4206,0,4.81549,7.8,-1.00537,0.20046,detectLogical_PV,subPhysical
28454,144,-1,gamma,22.139,0,4.5635,7.8,-2.04926,2.15023,detectLogical_PV,sourcePhysical
29164,106,-1,gamma,24.8888,0,5.12625,7.8,1.83774,1.16103,detectLogical_PV,sourcePhysical
29277,134,-1,gamma,24.9205,0,8.8095,7.41826,-3.37761,0.89862,detectLogical_PV,subPhysical
30459,141,-1,gamma,20.4018,0,4.13493,7.8,-1.74329,0.718274,detectLogical_PV,sourcePhysical
31812,133,-1,gamma,22.139,0,10.6644,7.40055,0.13489,1.43218,detectLogical_PV,worldPhysical
31850,105,-1,gamma,22.139,0,10.4561,7.33591,1.28084,6.13375,detectLogical_PV,subPhysical
32622,120,-1,gamma,24.9205,0,10.0085,7.52574,-2.19818,2.64862,detectLogical_PV,subPhysical
33360,103,-1,gamma,25.4259,0,10.5727,7.3119,-0.862036,0.612059,detectLogical_PV,subPhysical
34369,127,-1,gamma,24.8888,0,6.49548,7.8,-2.4403,2.37638,detectLogical_PV,worldPhysical
34981,129,-1,gamma,21.9609,0,4.36483,7.8,-2.45945,0.220667,detectLogical_PV,subPhysical
35132,107,-1,gamma,22.139,0,4.53171,7.8,2.37862,0.565791,detectLogical_PV,sourcePhysical
35272,107,-1,gamma,22.139,0,10.4615,7.50564,1.26451,0.625648,detectLogical_PV,sourcePhysical
35475,105,-1,gamma,22.139,0,10.5128,7.8,-0.414877,2.10743,detectLogical_PV,subPhysical
36226,148,-1,gamma,22.139,0,9.63906,7.8,-1.47454,3.29968,detectLogical_PV,subPhysical
36546,106,-1,gamma,21.9609,0,4.97026,7.8,1.2911,0.451017,detectLogical_PV,subPhysical
37644,132,-1,gamma,22.139,0,4.05777,7.8,-2.15843,0.688919,detectLogical_PV,subPhysical
40867,131,-1,gamma,22.6378,0,8.74978,7.7148,3.41477,1.77374,detectLogical_PV,sourcePhysical
42099,119,-1,gamma,22.139,0,4.84029,7.8,-2.12661,0.220402,detectLogical_PV,sourcePhysical
42146,135,-1,gamma,22.139,0,7.57887,7.8,-0.828137,0.339401,detectLogical_PV,subPhysical
42305,107,-1,gamma,21.9609,0,10.4468,7.73519,1.3079,0.444411,detectLogical_PV,subPhysical
44114,106,-1,gamma,21.9609,0,7.85709,7.52029,3.81876,2.55857,detectLogical_PV,subPhysical
45430,103,-1,gamma,24.8888,0,4.69771,7.8,-1.4059,6.64818,detectLogical_PV,subPhysical
46552,104,-1,gamma,22.139,0,3.26838,7.8,-0.619943,2.83676,detectLogical_PV,subPhysical
46613,110,-1,gamma,21.9609,0,3.68641,7.8,0.00185023,0.396257,detectLogical_PV,subPhysical
47438,107,-1,gamma,22.139,0,2.75586,7.8,-0.39009,0.930074,detectLogical_PV,subPhysical
47673,125,-1,gamma,22.139,0,9.10947,7.3,1.34232,0.00455409,detectLogical_PV,subPhysical
48314,111,-1,gamma,22.139,0,3.92547,7.8,-0.595912,2.47126,detectLogical_PV,sourcePhysical
48752,119,-1,gamma,25.4259,0,3.66732,7.8,-2.51054,0.56107,detectLogical_PV,subPhysical
49895,134,-1,gamma,21.9609,0,6.24611,7.8,-0.567325,0.998872,detectLogical_PV,sourcePhysical
50631,132,-1,gamma,24.9205,0,7.71801,7.8,2.96762,0.765804,detectLogical_PV,subPhysical
51534,112,-1,gamma,20.2166,0,3.10959,7.8,-0.157226,2.17926,detectLogical_PV,sourcePhysical
52586,144,-1,gamma,22.139,0,7.59477,7.8,-1.3609,1.11528,detectLogical_PV,worldPhysical
53148,134,-1,gamma,22.139,0,8.41503,7.8,-0.531948,2.81189,detectLogical_PV,subPhysical
53960,105,-1,gamma,22.139,0,7.93006,7.8,-3.35412,2.08673,detectLogical_PV,worldPhysical
55561,130,-1,gamma,21.9609,0,3.13252,7.8,-0.748073,0.0913487,detectLogical_PV,worldPhysical
55655,114,-1,gamma,22.139,0,6.72595,7.55354,-3.99956,2.33477,detectLogical_PV,subPhysical
56418,144,-1,gamma,22.139,0,5.01085,7.8,2.92679,0.985642,detectLogical_PV,sourcePhysical
57044,109,-1,gamma,21.9609,0,4.40064,7.8,-2.91887,4.26266,detectLogical_PV,subPhysical
57635,117,-1,gamma,22.139,0,6.94528,7.8,0.36031,0.762032,detectLogical_PV,subPhysical
58088,108,-1,gamma,21.9609,0,3.52316,7.8,-2.30452,1.32459,detectLogical_PV,subPhysical
59704,129,-1,gamma,22.139,0,3.668,7.8,-2.38185,0.422391,detectLogical_PV,subPhysical
59712,106,-1,gamma,24.9205,0,9.92433,7.33323,-2.32113,11.0055,detectLogical_PV,worldPhysical
59994,116,-1,gamma,22.139,0,3.53095,7.8,-1.10604,5.51945,detectLogical_PV,subPhysical
60021,105,-1,gamma,24.9205,0,6.58329,7.43148,-3.99913,0.314451,detectLogical_PV,subPhysical
60353,134,-1,gamma,21.9609,0,5.05661,7.8,2.01855,0.758636,detectLogical_PV,subPhysical
61757,140,-1,gamma,22.139,0,6.95399,7.71553,-3.98967,0.083505,detectLogical_PV,subPhysical
63134,125,-1,gamma,22.139,0,3.11671,7.3,-0.0138393,4.19368,detectLogical_PV,worldPhysical
63510,109,-1,gamma,21.9609,0,10.4456,7.33342,1.31127,1.90394,detectLogical_PV,sourcePhysical
65776,105,-1,gamma,24.9205,0,8.98548,7.66354,-3.25931,2.19684,detectLogical_PV,worldPhysical
67480,123,-1,gamma,21.9609,0,5.34147,7.55512,-3.7741,2.55754,detectLogical_PV,subPhysical
67521,104,-1,gamma,24.9205,0,10.1427,7.54944,-1.97916,0.508496,detectLogical_PV,subPhysical
68359,105,-1,gamma,24.9205,0,4.34298,7.8,2.05542,0.702467,detectLogical_PV,subPhysical
69070,131,-1,gamma,20.8511,0,6.61289,7.8,3.94785,1.45986,detectLogical_PV,sourcePhysical
69404,113,-1,gamma,25.4259,0,7.85109,7.79463,3.82062,0.20221,detectLogical_PV,subPhysical
70039,142,-1,gamma,22.139,0,4.79065,7.8,-2.86004,0.365904,detectLogical_PV,worldPhysical
70125,140,-1,gamma,22.139,0,4.99076,7.8,-3.16613,4.53643,detectLogical_PV,subPhysical
71477,115,-1,gamma,24.9205,0,5.93565,7.8,0.304783,1.10271,detectLogical_PV,sourcePhysical
72022,108,-1,gamma,22.139,0,9.46103,7.8,-2.41095,0.545446,detectLogical_PV,subPhysical
72918,108,-1,gamma,22.139,0,7.85981,7.38404,-3.81791,0.665179,detectLogical_PV,subPhysical
73197,130,-1,gamma,22.139,0,10.2339,7.77341,-1.8096,1.38327,detectLogical_PV,worldPhysical
73449,143,-1,gamma,22.139,0,10.4555,7.331,1.28242,1.22297,detectLogical_PV,subPhysical
73535,138,-1,gamma,21.9609,0,3.91961,7.8,1.94701,4.07342,detectLogical_PV,subPhysical
74327,107,-1,gamma,24.9205,0,6.22904,7.8,-2.01266,0.159835,detectLogical_PV,sourcePhysical
74355,137,-1,gamma,21.9609,0,7.30823,7.59035,3.94822,2.05883,detectLogical_PV,subPhysical
75877,140,-1,gamma,22.139,0,8.95918,7.36888,3.27786,5.31069,detectLogical_PV,sourcePhysical
76910,103,-1,gamma,25.4206,0,7.22208,7.8,-1.13454,0.0621512,detectLogical_PV,sourcePhysical
77401,106,-1,gamma,22.139,0,9.40633,7.8,-0.771087,0.55921,detectLogical_PV,subPhysical
78851,110,-1,gamma,21.9609,0,7.95794,7.8,2.10937,0.2501,detectLogical_PV,subPhysical
79661,107,-1,gamma,22.139,0,5.95105,7.8,2.07984,0.257191,detectLogical_PV,sourcePhysical
80794,135,-1,gamma,22.139,0,3.51585,7.8,1.82842,2.4738,detectLogical_PV,sourcePhysical
82450,141,-1,gamma,21.8896,0,6.23275,7.8,1.49672,1.97049,detectLogical_PV,sourcePhysical
83749,141,-1,gamma,22.139,0,10.5384,7.58917,1.00499,4.91051,detectLogical_PV,subPhysical
83843,109,-1,gamma,22.139,0,4.50073,7.8,-0.796002,0.775906,detectLogical_PV,sourcePhysical
83969,104,-1,gamma,22.139,0,4.2427,7.8,1.01291,0.0152039,detectLogical_PV,subPhysical
84666,133,-1,gamma,24.9205,0,3.73159,7.8,-2.25142,1.45502,detectLogical_PV,worldPhysical
85493,124,-1,gamma,24.9205,0,4.6783,7.8,1.56338,3.91227,detectLogical_PV,worldPhysical
86635,115,-1,gamma,22.139,0,3.57295,7.8,1.06802,0.0497225,detectLogical_PV,sourcePhysical
90902,107,-1,gamma,21.9609,0,3.89877,7.8,-1.3855,0.555856,detectLogical_PV,worldPhysical
91381,106,-1,gamma,22.139,0,10.6544,7.39856,-0.312939,1.1086,detectLogical_PV,subPhysical
92137,108,-1,gamma,22.139,0,3.74551,7.8,1.6318,0.107912,detectLogical_PV,subPhysical
93008,108,-1,gamma,22.139,0,7.61032,7.8,3.84821,2.93363,detectLogical_PV,sourcePhysical
94626,111,-1,gamma,22.139,0,7.50787,7.8,1.41028,0.0277598,detectLogical_PV,subPhysical
95206,120,-1,e-,17.6778,1.53398e-22,3.23916,7.8,-0.115831,0.0786003,detectLogical_PV,sddCaseLogical_PV
95746,110,-1,gamma,22.139,0,5.56215,7.8,-0.0968504,2.40507,detectLogical_PV,sourcePhysical
95838,125,-1,gamma,24.8888,0,5.14058,7.8,-3.68929,0.00996407,detectLogical_PV,subPhysical
96952,123,-1,gamma,22.139,0,9.68765,7.71452,-2.62177,0.585127,detectLogical_PV,subPhysical
98172,106,-1,gamma,21.5956,0,3.15625,7.8,1.40991,0.553969,detectLogical_PV,subPhysical
98515,126,-1,gamma,21.9609,0,9.00514,7.8,-3.00667,2.63625,detectLogical_PV,subPhysical
98584,105,-1,gamma,22.139,0,5.15278,7.8,-2.00422,0.014096,detectLogical_PV,subPhysical
99269,134,-1,gamma,22.139,0,4.6003,7.8,1.88177,0.119541,detectLogical_PV,subPhysical
101097,109,-1,gamma,21.9609,0,4.3203,7.8,-0.986343,2.27155,detectLogical_PV,worldPhysical
101645,122,-1,gamma,22.139,0,9.66704,7.8,1.997,1.97097,detectLogical_PV,subPhysical
102165,128,-1,gamma,22.139,0,3.78844,7.8,-1.46907,0.418355,detectLogical_PV,subPhysical
108682,132,-1,gamma,22.139,0,10.523,7.73387,1.0624,5.03501,detectLogical_PV,subPhysical
109391,103,-1,gamma,25.4259,0,4.95257,7.8,1.44391,2.84488,detectLogical_PV,subPhysical
111383,143,-1,gamma,20.9947,0,3.92909,7.8,2.27061,1.00904,detectLogical_PV,sourcePhysical
111929,113,-1,gamma,21.9609,0,6.22984,7.8,-2.55685,0.521101,detectLogical_PV,subPhysical
112203,103,-1,gamma,25.4259,0,4.63314,7.8,-0.654489,1.12423,detectLogical_PV,worldPhysical
114649,112,-1,gamma,22.139,0,6.42679,7.8,2.87163,0.146764,detectLogical_PV,subPhysical
115451,105,-1,gamma,21.9609,0,8.43559,7.30344,3.58761,0.296427,detectLogical_PV,subPhysical
116116,110,-1,gamma,22.139,0,10.641,7.4295,-0.45205,0.649919,detectLogical_PV,subPhysical
117278,119,-1,gamma,22.139,0,8.38768,7.8,-0.91131,0.40514,detectLogical_PV,worldPhysical
118007,108,-1,gamma,21.9609,0,3.67976,7.8,-1.78035,0.312949,detectLogical_PV,worldPhysical
118070,106,-1,gamma,22.139,0,8.13459,7.53356,3.72091,3.64623,detectLogical_PV,subPhysical
118437,115,-1,gamma,22.139,0,10.5367,7.65002,1.01125,1.78768,detectLogical_PV,subPhysical
118748,139,-1,gamma,24.8888,0,8.62114,7.3856,-3.48999,0.053309,detectLogical_PV,subPhysical
120560,129,-1,gamma,22.139,0,7.16348,7.75834,3.96903,4.52129,detectLogical_PV,subPhysical
120641,117,-1,gamma,22.139,0,3.74513,7.8,-1.92554,1.01682,detectLogical_PV,subPhysical
120920,109,-1,gamma,22.139,0,8.91328,7.8,-2.94532,0.981992,detectLogical_PV,subPhysical
121520,108,-1,gamma,21.9609,0,4.62813,7.8,-1.47308,1.11048,detectLogical_PV,worldPhysical
122983,106,-1,gamma,21.9609,0,7.47091,7.8,-2.28789,0.836723,detectLogical_PV,subPhysical
123281,109,-1,gamma,22.139,0,6.5053,7.8,-3.24453,3.03435,detectLogical_PV,subPhysical
125821,141,-1,gamma,22.139,0,6.38035,7.8,1.42776,1.90952,detectLogical_PV,subPhysical
126114,115,-1,gamma,22.139,0,6.02989,7.8,3.63487,5.02282,detectLogical_PV,subPhysical
126282,114,-1,gamma,22.139,0,5.97048,7.8,-1.64267,0.0591593,detectLogical_PV,worldPhysical
127099,129,-1,gamma,24.8888,0,7.30668,7.59417,3.94847,0.332224,detectLogical_PV,subPhysical
127223,128,-1,e-,0.217438,9.05404e-21,5.35608,7.8,1.56559,0.828052,detectLogical_PV,sourcePhysical
129229,146,-1,gamma,22.139,0,9.78783,7.63892,2.50167,2.41305,detectLogical_PV,sourcePhysical
129969,106,-1,gamma,21.9609,0,6.07754,7.64382,-3.95638,3.61585,detectLogical_PV,subPhysical
130618,103,-1,gamma,23.7856,0,7.66989,7.8,3.78532,1.04019,detectLogical_PV,sourcePhysical
131576,117,-1,gamma,22.139,0,10.037,7.62632,2.15433,3.26206,detectLogical_PV,worldPhysical
133705,122,-1,gamma,20.3825,0,4.807,7.8,3.44404,0.296621,detectLogical_PV,sourcePhysical
134234,103,-1,gamma,25.4206,0,3.65886,7.8,0.000669197,2.99143,detectLogical_PV,subPhysical
138108,108,-1,gamma,22.139,0,9.32934,7.72373,2.98499,0.187742,detectLogical_PV,sourcePhysical
139764,139,-1,gamma,22.139,0,8.7057,7.8,-0.232217,6.39225,detectLogical_PV,subPhysical
140584,108,-1,gamma,22.139,0,7.48446,7.8,-2.68082,2.12622,detectLogical_PV,subPhysical
141266,120,-1,gamma,22.139,0,7.61542,7.8,-0.610882,0.527215,detectLogical_PV,subPhysical
141284,132,-1,gamma,22.139,0,4.16391,7.8,0.830468,4.35786,detectLogical_PV,subPhysical
141940,133,-1,gamma,24.8888,0,8.86756,7.38114,3.34007,4.78322,detectLogical_PV,subPhysical
143551,143,-1,gamma,21.9609,0,10.5482,7.30761,0.966431,0.882947,detectLogical_PV,subPhysical
143997,103,-1,gamma,25.4206,0,3.80497,7.8,-2.39866,0.317289,detectLogical_PV,subPhysical
145681,106,-1,gamma,22.139,0,7.34893,7.8,1.99996,0.0628306,detectLogical_PV,subPhysical
145715,105,-1,gamma,24.9205,0,7.09802,7.8,3.25355,2.98437,detectLogical_PV,subPhysical
146446,139,-1,gamma,22.139,0,6.62457,7.8,0.0338624,0.393083,detectLogical_PV,subPhysical
148198,124,-1,gamma,22.139,0,7.77023,7.75641,3.84476,3.44002,detectLogical_PV,subPhysical
148416,117,-1,gamma,21.9609,0,5.3567,7.8,-0.0311078,0.0369569,detectLogical_PV,sourcePhysical
148711,116,-1,gamma,23.5741,0,3.1209,7.8,0.244122,5.24556,detectLogical_PV,sourcePhysical
148987,113,-1,gamma,21.9609,0,3.014,7.8,1.37208,0.582141,detectLogical_PV,subPhysical
149240,115,-1,gamma,22.139,0,9.16879,7.69717,3.1208,4.4499,detectLogical_PV,subPhysical
150482,143,-1,gamma,20.7882,0,5.35315,7.8,-2.19421,1.26559,detectLogical_PV,subPhysical
150483,126,-1,gamma,22.139,0,4.6023,7.8,-1.20294,0.708068,detectLogical_PV,subPhysical
152578,136,-1,gamma,25.4259,0,7.50372,7.70464,-3.91144,0.203857,detectLogical_PV,subPhysical
152818,119,-1,gamma,22.139,0,5.93218,7.8,1.85034,2.58974,detectLogical_PV,subPhysical
156047,108,-1,gamma,22.139,0,6.5289,7.8,-2.4163,0.514655,detectLogical_PV,subPhysical
156371,132,-1,gamma,22.139,0,5.29867,7.8,-1.67803,2.15046,detectLogical_PV,sourcePhysical
156544,106,-1,gamma,22.139,0,10.574,7.67337,0.855926,1.42178,detectLogical_PV,worldPhysical
161642,131,-1,gamma,21.9609,0,6.99649,7.8,3.33965,6.11945,detectLogical_PV,subPhysical
162093,113,-1,gamma,24.8888,0,6.58787,7.8,3.21099,0.845564,detectLogical_PV,subPhysical
162547,127,-1,gamma,24.8888,0,5.33585,7.8,-1.82122,1.09749,detectLogical_PV,subPhysical
166305,110,-1,gamma,21.9609,0,10.3648,7.3542,-1.52433,4.63084,detectLogical_PV,sourcePhysical
166834,124,-1,gamma,24.8888,0,8.34516,7.8,-1.97542,5.33126,detectLogical_PV,subPhysical
169019,121,-1,gamma,22.139,0,9.87953,7.77191,2.38276,2.66547,detectLogical_PV,worldPhysical
169125,132,-1,gamma,21.9609,0,9.77783,7.8,-0.792121,4.61719,detectLogical_PV,sourcePhysical
169338,106,-1,gamma,24.8888,0,10.3005,7.71381,1.67193,0.454043,detectLogical_PV,subPhysical
171343,108,-1,gamma,21.9609,0,10.0168,7.33106,2.18551,1.95416,detectLogical_PV,subPhysical
171581,116,-1,gamma,22.139,0,6.58256,7.8,1.20886,0.0368984,detectLogical_PV,subPhysical
172925,115,-1,gamma,21.9609,0,5.647,7.8,3.37831,0.104654,detectLogical_PV,subPhysical
172945,123,-1,gamma,22.139,0,3.43214,7.8,1.00309,0.449873,detectLogical_PV,sourcePhysical
173015,120,-1,gamma,21.1747,0,3.95814,7.8,-1.06991,0.553706,detectLogical_PV,sourcePhysical
174206,106,-1,gamma,21.9609,0,4.50532,7.8,2.86112,1.27526,detectLogical_PV,sourcePhysical
174772,123,-1,gamma,22.139,0,4.76834,7.8,2.13778,0.32192,detectLogical_PV,sourcePhysical
175083,132,-1,gamma,24.9205,0,8.67862,7.34823,-3.45717,1.00489,detectLogical_PV,subPhysical
175322,103,-1,gamma,25.4259,0,10.5865,7.8,-0.312439,0.192291,detectLogical_PV,subPhysical
176527,106,-1,gamma,24.9205,0,7.8495,7.8,-0.935206,5.36682,detectLogical_PV,sourcePhysical
176870,108,-1,gamma,22.139,0,8.21753,7.8,1.27867,9.75487,detectLogical_PV,subPhysical
177249,106,-1,gamma,22.139,0,3.33227,7.8,-1.76804,3.64012,detectLogical_PV,subPhysical
178080,128,-1,gamma,21.9609,0,8.07769,7.60565,-3.74286,2.59741,detectLogical_PV,subPhysical
179125,130,-1,gamma,20.2784,0,7.50665,7.39505,3.91081,0.717697,detectLogical_PV,sourcePhysical
180205,134,-1,gamma,22.139,0,10.6422,7.66303,0.441675,0.413378,detectLogical_PV,sourcePhysical
180967,130,-1,e-,8.78423,3.81079e-22,6.16146,7.8,-2.70848,1.36963,detectLogical_PV,sddCaseLogical_PV
181143,132,-1,gamma,25.4259,0,5.74172,7.8,-2.74906,2.52607,detectLogical_PV,sourcePhysical
181603,135,-1,gamma,22.139,0,9.00587,7.42447,-3.24471,3.92595,detectLogical_PV,sourcePhysical
181703,128,-1,gamma,22.139,0,6.9276,7.8,1.44616,3.88799,detectLogical_PV,sourcePhysical
184239,157,-1,gamma,21.9609,0,5.34326,7.8,1.31826,6.20292,detectLogical_PV,sourcePhysical
184648,110,-1,gamma,21.9609,0,4.82741,7.8,-0.405086,3.43611,detectLogical_PV,subPhysical
187641,158,-1,gamma,21.9609,0,4.24792,7.8,-3.00506,1.32106,detectLogical_PV,subPhysical
188637,106,-1,gamma,24.9205,0,9.75817,7.74359,2.53823,2.90949,detectLogical_PV,subPhysical
190031,146,-1,gamma,22.139,0,8.04927,7.8,1.01587,4.55226,detectLogical_PV,subPhysical
191010,118,-1,gamma,22.139,0,10.6652,7.41733,-0.109572,1.42321,detectLogical_PV,subPhysical
191659,117,-1,gamma,22.139,0,6.48519,7.8,-1.77757,8.68653,detectLogical_PV,subPhysical
192679,136,-1,gamma,22.139,0,10.5276,7.62767,1.0455,1.001,detectLogical_PV,subPhysical
192776,134,-1,gamma,24.8888,0,4.86515,7.8,-0.67224,0.307112,detectLogical_PV,subPhysical
192941,112,-1,e-,9.0997,5.93349e-22,5.67155,7.3,-0.241978,1.45756,detectLogical_PV,sddCaseLogical_PV
193473,109,-1,gamma,22.139,0,3.83431,7.8,-0.476546,2.18138,detectLogical_PV,subPhysical
193979,106,-1,gamma,22.139,0,4.54522,7.8,-1.79352,0.686041,detectLogical_PV,worldPhysical
195062,111,-1,gamma,21.9609,0,10.596,7.64619,0.748382,1.26788,detectLogical_PV,subPhysical
195307,105,-1,gamma,22.139,0,9.82679,7.8,-2.29068,3.09003,detectLogical_PV,sourcePhysical
196618,134,-1,gamma,24.9205,0,9.76712,7.79194,-2.52729,4.5445,detectLogical_PV,sourcePhysical
198373,138,-1,gamma,22.139,0,4.87863,7.8,-2.64691,3.67275,detectLogical_PV,sourcePhysical
200309,143,-1,gamma,22.139,0,3.26273,7.8,0.725336,3.36607,detectLogical_PV,sourcePhysical
200369,105,-1,gamma,22.139,0,4.10517,7.8,-1.42978,1.1836,detectLogical_PV,subPhysical
201228,131,-1,gamma,22.139,0,8.66484,7.53657,-3.46515,1.42784,detectLogical_PV,worldPhysical
201386,109,-1,gamma,22.139,0,9.94073,7.72682,2.29794,2.99999,detectLogical_PV,subPhysical
202962,131,-1,gamma,25.4259,0,9.74037,7.58135,-2.55975,0.554949,detectLogical_PV,subPhysical
204213,134,-1,gamma,21.9609,0,4.22939,7.8,1.40227,6.10389,detectLogical_PV,subPhysical
204269,110,-1,gamma,22.139,0,4.97334,7.8,-2.06286,1.47913,detectLogical_PV,worldPhysical
204753,109,-1,gamma,21.9609,0,3.24812,7.8,0.353235,2.37295,detectLogical_PV,worldPhysical
205081,106,-1,gamma,22.139,0,10.1312,7.48047,1.9993,2.6041,detectLogical_PV,subPhysical
205737,113,-1,gamma,21.9609,0,10.6666,7.54132,-0.0208182,3.02182,detectLogical_PV,subPhysical
206487,147,-1,gamma,21.9609,0,3.43712,7.8,-2.2025,0.966728,detectLogical_PV,subPhysical
207054,109,-1,gamma,21.9609,0,4.73095,7.8,2.56919,0.157635,detectLogical_PV,subPhysical
208501,114,-1,gamma,22.139,0,3.43337,7.8,-1.74947,1.0225,detectLogical_PV,subPhysical
209900,126,-1,gamma,22.139,0,6.04985,7.8,-1.07541,1.59352,detectLogical_PV,subPhysical
211572,127,-1,gamma,24.9205,0,9.96773,7.72524,-2.25898,0.641318,detectLogical_PV,sourcePhysical
216831,105,-1,gamma,24.9205,0,3.47274,7.8,-1.90071,4.27635,detectLogical_PV,subPhysical
217999,108,-1,gamma,22.139,0,3.2771,7.8,1.23176,2.54613,detectLogical_PV,subPhysical
218713,108,-1,gamma,22.139,0,9.9823,7.72766,-2.23754,0.168325,detectLogical_PV,sourcePhysical
219059,106,-1,gamma,21.9609,0,8.2749,7.8,0.601967,0.736148,detectLogical_PV,sourcePhysical
219856,111,-1,gamma,25.4206,0,3.96083,7.8,-0.403867,1.77322,detectLogical_PV,subPhysical
219954,133,-1,gamma,21.9609,0,4.71102,7.8,-0.912387,1.32385,detectLogical_PV,subPhysical
220065,108,-1,gamma,21.9609,0,8.5743,7.8,-0.60419,0.63806,detectLogical_PV,sourcePhysical
220294,122,-1,gamma,6.36271,0,6.34499,7.8,-1.57741,5.91743,detectLogical_PV,targetPhysical
221543,119,-1,e-,13.2232,1.86962e-22,4.94232,7.8,-3.05211,0.206498,detectLogical_PV,sddCaseLogical_PV
222638,105,-1,gamma,22.139,0,5.47435,7.8,0.904467,0.589383,detectLogical_PV,subPhysical
223627,108,-1,gamma,22.139,0,7.41706,7.68689,-3.92898,6.1745,detectLogical_PV,sourcePhysical
224744,105,-1,gamma,21.9609,0,10.2048,7.8,0.0981463,3.10673,detectLogical_PV,subPhysical
225100,107,-1,gamma,21.9609,0,3.7774,7.8,1.92715,3.11146,detectLogical_PV,subPhysical
225240,106,-1,gamma,22.139,0,10.647,7.30808,-0.396355,0.461355,detectLogical_PV,worldPhysical
225592,145,-1,gamma,22.139,0,6.28214,7.8,-2.77445,0.35342,detectLogical_PV,subPhysical
226211,133,-1,gamma,21.9609,0,3.83883,7.8,-0.962205,0.128324,detectLogical_PV,sourcePhysical
226501,116,-1,gamma,21.0599,0,9.03211,7.8,-1.10701,2.75185,detectLogical_PV,sourcePhysical
229413,136,-1,gamma,21.9609,0,4.95128,7.8,1.08313,0.402742,detectLogical_PV,subPhysical
229687,111,-1,gamma,21.9609,0,7.84961,7.8,-3.66462,1.33034,detectLogical_PV,subPhysical
229913,122,-1,gamma,21.9609,0,4.26387,7.8,2.05413,7.6842,detectLogical_PV,subPhysical
230107,130,-1,gamma,22.139,0,9.16103,7.67446,3.12701,3.58493,detectLogical_PV,worldPhysical
230238,105,-1,gamma,21.9609,0,6.79197,7.8,-3.48167,1.20152,detectLogical_PV,subPhysical
230344,107,-1,gamma,23.1014,0,3.55378,7.8,1.11244,0.7156,detectLogical_PV,sourcePhysical
230781,103,-1,gamma,25.4259,0,9.3175,7.79764,2.99551,1.34662,detectLogical_PV,subPhysical
231028,109,-1,gamma,21.9609,0,3.44365,7.8,-1.30661,1.00762,detectLogical_PV,subPhysical
231166,134,-1,gamma,22.139,0,6.78425,7.8,2.48848,0.195516,detectLogical_PV,sourcePhysical
232352,108,-1,gamma,22.139,0,4.40275,7.8,-0.241456,0.816859,detectLogical_PV,subPhysical
232578,108,-1,gamma,22.139,0,5.15043,7.8,-0.528291,0.167861,detectLogical_PV,worldPhysical
232740,133,-1,gamma,21.9609,0,3.08081,7.8,-0.362702,0.445095,detectLogical_PV,subPhysical
233388,105,-1,gamma,21.9609,0,9.16202,7.41341,-3.12622,0.359653,detectLogical_PV,subPhysical
233771,118,-1,gamma,21.9609,0,4.08788,7.8,-0.242307,0.0317462,detectLogical_PV,sourcePhysical
234695,106,-1,gamma,22.139,0,7.27598,7.8,-1.4473,0.0135315,detectLogical_PV,subPhysical
236452,107,-1,gamma,21.5565,0,6.3653,7.30978,3.98863,0.217391,detectLogical_PV,subPhysical
237463,134,-1,gamma,23.1469,0,7.73443,7.33829,3.85485,2.22308,detectLogical_PV,sourcePhysical
237463,134,-1,gamma,21.7959,0,10.3621,7.3,0.659617,2.22308,detectLogical_PV,sourcePhysical
237731,127,-1,gamma,22.094,0,9.97824,7.63554,2.24355,1.47347,detectLogical_PV,sourcePhysical
238023,106,-1,gamma,22.139,0,4.35142,7.8,-3.11726,10.2337,detectLogical_PV,subPhysical
239856,128,-1,gamma,22.139,0,8.9516,7.8,2.18914,0.318419,detectLogical_PV,subPhysical
240114,110,-1,gamma,22.139,0,3.82796,7.8,-0.0125851,0.407999,detectLogical_PV,worldPhysical
240478,113,-1,gamma,21.9609,0,10.6637,7.65335,0.153157,3.11994,detectLogical_PV,subPhysical
241930,106,-1,gamma,21.9609,0,10.6215,7.52935,0.599191,6.77896,detectLogical_PV,subPhysical
242712,140,-1,gamma,21.9609,0,9.1301,7.56556,3.15143,0.652978,detectLogical_PV,subPhysical
244036,134,-1,gamma,21.9609,0,3.50411,7.8,0.353895,4.55063,detectLogical_PV,sourcePhysical
244264,110,-1,gamma,21.9609,0,10.5963,7.72014,-0.746997,3.36434,detectLogical_PV,worldPhysical
244286,106,-1,gamma,21.9609,0,3.95962,7.8,-0.428746,0.0571293,detectLogical_PV,subPhysical
246165,129,-1,gamma,22.139,0,8.28603,7.8,-2.37843,0.211401,detectLogical_PV,subPhysical
247769,130,-1,gamma,21.9609,0,5.26831,7.8,-1.60431,0.0129808,detectLogical_PV,worldPhysical
248923,136,-1,gamma,22.139,0,8.13954,7.8,-2.57542,0.707323,detectLogical_PV,sourcePhysical
249230,105,-1,gamma,21.9609,0,4.47813,7.8,2.57333,1.93884,detectLogical_PV,subPhysical
249965,121,-1,gamma,21.9609,0,6.95326,7.48734,3.98972,3.6355,detectLogical_PV,subPhysical
249965,124,-1,e-,20.1404,2.65549e-22,9.53698,7.3,1.55174,3.6355,detectLogical_PV,sddCaseLogical_PV
250275,113,-1,gamma,22.139,0,8.79961,7.31444,-3.38387,3.99871,detectLogical_PV,subPhysical
251289,136,-1,gamma,24.2312,0,7.52902,7.8,-0.578191,1.10235,detectLogical_PV,sourcePhysical
252252,106,-1,gamma,22.139,0,3.81182,7.8,1.22428,0.593955,detectLogical_PV,worldPhysical
253059,125,-1,gamma,22.139,0,7.78568,7.8,0.760832,0.309942,detectLogical_PV,subPhysical
253259,137,-1,gamma,25.4206,0,6.61453,7.8,-0.715546,0.219207,detectLogical_PV,subPhysical
257854,113,-1,gamma,21.9609,0,9.83226,7.51827,2.4452,0.287057,detectLogical_PV,subPhysical
258432,109,-1,gamma,22.139,0,4.37464,7.8,2.78339,4.10227,detectLogical_PV,sourcePhysical
258994,106,-1,gamma,22.139,0,5.39152,7.8,-2.38861,0.838889,detectLogical_PV,subPhysical
260295,116,-1,gamma,20.405,0,6.54524,7.8,-2.57517,1.44602,detectLogical_PV,sourcePhysical
261382,108,-1,gamma,22.139,0,10.2164,7.77526,-1.84375,2.02847,detectLogical_PV,subPhysical
263050,105,-1,gamma,21.9609,0,10.2941,7.32377,1.68571,3.51606,detectLogical_PV,subPhysical
263107,108,-1,gamma,21.9609,0,6.47563,7.8,0.435305,2.34487,detectLogical_PV,subPhysical
264189,106,-1,gamma,24.8888,0,3.22441,7.8,-0.0164988,0.786502,detectLogical_PV,subPhysical
266416,119,-1,gamma,21.9609,0,9.46023,7.64268,2.86287,0.711889,detectLogical_PV,sourcePhysical
267111,139,-1,gamma,22.139,0,6.17654,7.8,-2.07046,3.34028,detectLogical_PV,subPhysical
269157,106,-1,gamma,21.9609,0,5.17302,7.8,-2.22589,3.70963,detectLogical_PV,subPhysical
269975,108,-1,gamma,22.139,0,4.77562,7.8,0.626142,1.1782,detectLogical_PV,sourcePhysical
271298,136,-1,gamma,21.0094,0,4.56289,7.8,-0.445486,2.00235,detectLogical_PV,sourcePhysical
271328,137,-1,gamma,22.139,0,8.12551,7.54605,3.72448,0.376285,detectLogical_PV,sourcePhysical
272392,126,-1,gamma,22.139,0,5.76017,7.8,2.00642,5.83541,detectLogical_PV,subPhysical
273206,120,-1,gamma,24.8888,0,10.6534,7.56235,0.324931,0.584571,detectLogical_PV,subPhysical
275573,118,-1,gamma,22.139,0,5.70436,7.50276,3.88252,1.85626,detectLogical_PV,subPhysical
280561,133,-1,gamma,24.8888,0,10.6558,7.65347,-0.295289,1.01934,detectLogical_PV,subPhysical
282073,109,-1,gamma,22.139,0,8.74898,7.73288,-3.41525,2.98491,detectLogical_PV,sourcePhysical
284012,106,-1,gamma,22.139,0,10.624,7.67248,0.582745,4.18504,detectLogical_PV,subPhysical
284649,142,-1,gamma,22.139,0,4.16206,7.8,-1.7876,0.361725,detectLogical_PV,subPhysical
284904,136,-1,gamma,24.9205,0,4.00321,7.8,-1.25452,1.32239,detectLogical_PV,subPhysical
285626,115,-1,gamma,22.139,0,8.82471,7.48343,-3.36792,2.43063,detectLogical_PV,worldPhysical
287331,105,-1,gamma,22.139,0,9.66647,7.71582,2.64597,0.362417,detectLogical_PV,worldPhysical
287932,135,-1,gamma,20.9009,0,8.78494,7.8,-1.89407,0.66197,detectLogical_PV,sourcePhysical
290024,127,-1,gamma,22.139,0,4.5665,7.8,-3.34549,0.378332,detectLogical_PV,worldPhysical
290490,122,-1,gamma,22.139,0,10.6571,7.51839,-0.276967,1.84148,detectLogical_PV,subPhysical
290827,108,-1,gamma,22.139,0,4.89944,7.8,-1.91056,0.59295,detectLogical_PV,worldPhysical
291422,123,-1,gamma,22.139,0,4.39876,7.8,-0.251256,0.790215,detectLogical_PV,subPhysical
292452,118,-1,gamma,24.8888,0,6.05535,7.8,-1.3334,1.47114,detectLogical_PV,subPhysical
295599,119,-1,gamma,22.139,0,4.99581,7.8,1.75035,0.236906,detectLogical_PV,subPhysical
296624,116,-1,gamma,22.139,0,3.65044,7.8,-2.24736,1.76985,detectLogical_PV,subPhysical
297988,139,-1,gamma,20.3829,0,2.66727,7.7404,-0.0692986,0.431163,detectLogical_PV,sourcePhysical
302878,121,-1,gamma,21.9609,0,5.14077,7.8,2.13016,0.462674,detectLogical_PV,subPhysical
303813,108,-1,gamma,21.9609,0,10.6586,7.70232,0.25456,0.434624,detectLogical_PV,subPhysical
303956,122,-1,gamma,22.139,0,10.546,7.42952,0.975006,0.591718,detectLogical_PV,subPhysical
304360,117,-1,gamma,24.8888,0,8.80169,7.39903,3.38255,1.54168,detectLogical_PV,subPhysical
305795,118,-1,gamma,22.139,0,9.41668,7.5224,2.90472,2.2573,detectLogical_PV,subPhysical
305884,108,-1,gamma,21.9609,0,4.62503,7.8,-1.31882,0.409452,detectLogical_PV,sourcePhysical
306474,109,-1,gamma,21.9609,0,8.15249,7.8,-1.56257,1.42458,detectLogical_PV,subPhysical
306833,108,-1,gamma,22.139,0,7.48628,7.8,0.164618,1.71968,detectLogical_PV,subPhysical
308473,105,-1,gamma,20.5248,0,4.45743,7.8,1.75186,1.18546,detectLogical_PV,sourcePhysical
308516,140,-1,gamma,20.527,0,5.50722,7.8,-0.606066,0.991414,detectLogical_PV,sourcePhysical
308807,108,-1,gamma,22.139,0,6.57287,7.8,-1.13877,4.62745,detectLogical_PV,sourcePhysical
309199,144,-1,gamma,22.139,0,10.5913,7.43838,0.773065,2.38114,detectLogical_PV,worldPhysical
310608,129,-1,gamma,22.139,0,7.15263,7.8,-1.66946,4.12174,detectLogical_PV,subPhysical
310733,113,-1,gamma,22.139,0,4.04184,7.8,-1.40713,1.6967,detectLogical_PV,sourcePhysical
311354,115,-1,gamma,22.139,0,3.28665,7.8,0.228227,0.693196,detectLogical_PV,subPhysical
312519,107,-1,gamma,22.139,0,3.72915,7.8,-2.22577,4.87611,detectLogical_PV,worldPhysical
313131,106,-1,gamma,24.8888,0,4.12106,7.8,-2.63991,1.29284,detectLogical_PV,subPhysical
313207,137,-1,gamma,21.9609,0,7.99202,7.8,-3.30066,3.26307,detectLogical_PV,worldPhysical
315044,109,-1,gamma,22.139,0,3.46814,7.8,-2.35167,2.87834,detectLogical_PV,subPhysical
315611,119,-1,gamma,22.139,0,5.58336,7.8,-0.331736,0.280624,detectLogical_PV,sourcePhysical
316434,115,-1,gamma,24.8888,0,10.6517,7.63032,0.345138,0.791505,detectLogical_PV,subPhysical
316669,126,-1,gamma,21.9609,0,4.11178,7.8,0.76835,0.621928,detectLogical_PV,subPhysical
316948,124,-1,gamma,20.5823,0,7.61376,7.8,3.00356,1.49778,detectLogical_PV,sourcePhysical
319414,108,-1,gamma,22.139,0,5.13015,7.8,0.993063,3.41214,detectLogical_PV,worldPhysical
320039,106,-1,gamma,24.8888,0,6.51399,7.48411,3.99709,0.723912,detectLogical_PV,subPhysical
320985,108,-1,gamma,21.9609,0,4.89104,7.8,0.0338216,0.28593,detectLogical_PV,sourcePhysical
322155,133,-1,gamma,22.139,0,9.6519,7.8,0.856417,0.569628,detectLogical_PV,subPhysical
322415,105,-1,gamma,22.139,0,3.48088,7.8,-2.02502,0.250487,detectLogical_PV,sourcePhysical
322528,129,-1,gamma,22.139,0,7.71961,7.61622,3.85893,2.30693,detectLogical_PV,subPhysical
322824,110,-1,gamma,22.139,0,8.03502,7.8,1.72916,4.16454,detectLogical_PV,subPhysical
323196,107,-1,gamma,22.139,0,4.52702,7.8,-3.11877,5.71402,detectLogical_PV,subPhysical
323281,116,-1,gamma,24.9205,0,9.22476,7.8,0.51793,0.646895,detectLogical_PV,subPhysical
323441,108,-1,gamma,21.9609,0,8.60295,7.51985,3.50011,0.151907,detectLogical_PV,subPhysical
323584,105,-1,gamma,24.9205,0,10.3878,7.71945,1.46731,4.71758,detectLogical_PV,sourcePhysical
323754,127,-1,gamma,23.5981,0,7.4958,7.54437,-3.91312,2.15241,detectLogical_PV,subPhysical
324256,137,-1,gamma,22.139,0,6.45118,7.8,3.59069,10.5691,detectLogical_PV,sourcePhysical
325312,140,-1,gamma,22.139,0,3.60759,7.8,2.2242,0.884846,detectLogical_PV,subPhysical
325537,109,-1,gamma,22.139,0,7.4226,7.62644,-3.92792,0.145641,detectLogical_PV,sourcePhysical
326302,141,-1,gamma,21.9609,0,4.53159,7.8,3.21294,1.00562,detectLogical_PV,subPhysical
326417,120,-1,gamma,21.9609,0,6.05061,7.8,0.481935,1.0647,detectLogical_PV,worldPhysical
326547,109,-1,gamma,21.9609,0,5.39096,7.8,-0.238219,4.08653,detectLogical_PV,worldPhysical
331151,107,-1,gamma,22.139,0,8.68688,7.8,0.748799,2.26434,detectLogical_PV,subPhysical
331245,113,-1,gamma,21.9609,0,3.44834,7.8,1.14117,3.6751,detectLogical_PV,worldPhysical
332649,108,-1,gamma,21.9609,0,10.6553,7.58138,0.301369,0.697735,detectLogical_PV,subPhysical
332667,130,-1,gamma,21.9609,0,3.34439,7.8,0.04955,2.86159,detectLogical_PV,subPhysical
332912,138,-1,gamma,24.9205,0,9.01051,7.73515,-3.24135,1.88641,detectLogical_PV,subPhysical
332914,136,-1,gamma,21.9609,0,8.12355,7.8,2.11778,4.27279,detectLogical_PV,subPhysical
333081,136,-1,gamma,22.139,0,5.70678,7.8,0.066521,5.67196,detectLogical_PV,subPhysical
333877,112,-1,gamma,20.6758,0,5.62177,7.8,-3.12954,0.973182,detectLogical_PV,sourcePhysical
337184,107,-1,gamma,22.139,0,4.40409,7.8,2.37551,0.767465,detectLogical_PV,subPhysical
337683,135,-1,gamma,22.139,0,8.08547,7.57917,3.73992,1.53064,detectLogical_PV,subPhysical
337904,105,-1,gamma,22.139,0,7.82782,7.34913,3.82776,2.274,detectLogical_PV,subPhysical
338381,124,-1,gamma,24.9205,0,9.0738,7.8,1.97439,6.66732,detectLogical_PV,subPhysical
338485,148,-1,gamma,21.9609,0,7.41488,7.8,-2.39722,2.08281,detectLogical_PV,subPhysical
338984,132,-1,gamma,25.4259,0,6.20829,7.8,0.915461,1.46042,detectLogical_PV,sourcePhysical
339012,108,-1,gamma,21.6057,0,6.49309,7.8,1.8833,2.68931,detectLogical_PV,sourcePhysical
339685,114,-1,gamma,22.139,0,3.85529,7.8,0.985209,1.34431,detectLogical_PV,subPhysical
341176,107,-1,gamma,21.9609,0,3.71329,7.8,2.36314,3.37706,detectLogical_PV,subPhysical
341783,104,-1,gamma,24.9205,0,10.6084,7.30557,-0.680152,0.54465,detectLogical_PV,subPhysical
342431,109,-1,gamma,20.4498,0,4.81475,7.8,-0.623046,2.09068,detectLogical_PV,sourcePhysical
342911,105,-1,gamma,22.139,0,3.37882,7.8,1.67074,1.28751,detectLogical_PV,subPhysical
344285,110,-1,gamma,22.139,0,5.40137,7.8,3.77518,1.31785,detectLogical_PV,subPhysical
344741,106,-1,gamma,24.9205,0,7.51303,7.4021,-3.90943,0.907671,detectLogical_PV,subPhysical
344780,115,-1,gamma,24.9205,0,6.10623,7.8,-2.55751,7.30338,detectLogical_PV,sourcePhysical
345396,113,-1,gamma,22.139,0,7.05034,7.7206,3.98156,0.671884,detectLogical_PV,sourcePhysical
346996,109,-1,gamma,22.139,0,3.84075,7.8,2.77636,1.4134,detectLogical_PV,subPhysical
348631,107,-1,gamma,22.139,0,3.70884,7.8,-1.28897,0.74414,detectLogical_PV,sourcePhysical
350760,107,-1,gamma,22.139,0,2.95741,7.8,-0.146542,1.52805,detectLogical_PV,subPhysical
350981,135,-1,gamma,22.139,0,6.13037,7.8,-2.97545,0.870964,detectLogical_PV,subPhysical
351295,132,-1,gamma,22.139,0,2.98096,7.8,0.467027,1.34617,detectLogical_PV,sourcePhysical
351998,140,-1,gamma,22.139,0,5.84331,7.8,-1.13229,0.578618,detectLogical_PV,subPhysical
352689,106,-1,gamma,22.0094,0,2.99616,7.8,-1.27217,0.290486,detectLogical_PV,subPhysical
354220,121,-1,gamma,24.9205,0,9.58195,7.44918,2.73882,2.03257,detectLogical_PV,subPhysical
355109,105,-1,gamma,24.9205,0,3.46576,7.8,0.994511,2.96803,detectLogical_PV,subPhysical
356464,132,-1,gamma,22.139,0,6.00034,7.8,1.38819,6.48892,detectLogical_PV,subPhysical
356861,142,-1,gamma,22.139,0,6.84249,7.8,3.01329,0.123862,detectLogical_PV,subPhysical
356917,110,-1,gamma,21.9609,0,6.90713,7.3,-1.14063,0.177889,detectLogical_PV,subPhysical
356995,105,-1,gamma,24.8888,0,9.21351,7.613,-3.08441,1.6917,detectLogical_PV,subPhysical
357103,104,-1,gamma,22.139,0,4.90439,7.8,0.569283,0.390344,detectLogical_PV,subPhysical
357417,107,-1,gamma,24.8888,0,7.84336,7.8,2.78883,1.34823,detectLogical_PV,worldPhysical
358769,105,-1,gamma,22.139,0,3.1777,7.8,-1.91833,1.51105,detectLogical_PV,subPhysical
359172,104,-1,gamma,22.139,0,3.28813,7.8,1.03658,0.777106,detectLogical_PV,sourcePhysical
362148,139,-1,gamma,22.139,0,5.23918,7.8,-0.55229,0.388245,detectLogical_PV,subPhysical
362480,105,-1,gamma,24.9205,0,8.35242,7.8,3.09839,0.648372,detectLogical_PV,sourcePhysical
362702,132,-1,gamma,22.139,0,5.57218,7.8,-2.00227,0.719171,detectLogical_PV,subPhysical
363164,118,-1,gamma,21.9609,0,10.6091,7.53767,0.676194,0.0534124,detectLogical_PV,subPhysical
364643,133,-1,gamma,22.139,0,10.5051,7.59427,-1.12531,3.0033,detectLogical_PV,sourcePhysical
365086,127,-1,gamma,21.9609,0,6.40736,7.8,2.78602,2.0371,detectLogical_PV,subPhysical
365630,132,-1,gamma,21.9609,0,10.6581,7.49943,0.261193,5.21062,detectLogical_PV,subPhysical
365994,105,-1,gamma,24.8888,0,7.60363,7.36191,-3.88871,1.20795,detectLogical_PV,subPhysical
367225,111,-1,gamma,21.9609,0,7.33367,7.64549,3.944,2.19178,detectLogical_PV,subPhysical
367742,120,-1,gamma,22.139,0,7.55087,7.8,3.78039,1.06925,detectLogical_PV,subPhysical
368928,107,-1,gamma,22.139,0,5.94594,7.8,-2.42095,1.87948,detectLogical_PV,subPhysical
369746,105,-1,gamma,22.139,0,6.0455,7.8,-2.82211,0.819455,detectLogical_PV,subPhysical
373054,144,-1,gamma,22.139,0,5.97998,7.8,-3.58292,0.434207,detectLogical_PV,subPhysical
374682,107,-1,gamma,22.139,0,7.34737,7.53353,3.94166,1.74754,detectLogical_PV,subPhysical
376091,106,-1,gamma,22.139,0,7.80569,7.8,-0.982946,2.55303,detectLogical_PV,subPhysical
376543,107,-1,gamma,21.9609,0,4.27561,7.8,-1.63687,3.48478,detectLogical_PV,subPhysical
377015,108,-1,gamma,22.0761,0,5.00054,7.8,1.88376,2.20326,detectLogical_PV,sourcePhysical
377567,112,-1,gamma,22.139,0,2.88952,7.8,-1.02632,1.62301,detectLogical_PV,subPhysical
377942,119,-1,gamma,22.139,0,6.37981,7.8,2.2917,8.8667,detectLogical_PV,sourcePhysical
380462,134,-1,gamma,22.139,0,3.49024,7.8,1.15731,0.421202,detectLogical_PV,subPhysical
381747,106,-1,gamma,22.139,0,10.6331,7.70651,0.51704,2.25873,detectLogical_PV,subPhysical
383050,145,-1,gamma,21.9609,0,4.93153,7.8,2.86842,0.0368717,detectLogical_PV,subPhysical
383375,124,-1,gamma,22.139,0,10.4884,7.66034,-1.18072,1.81772,detectLogical_PV,subPhysical
383819,105,-1,gamma,21.6888,0,3.41857,7.8,1.90313,2.43461,detectLogical_PV,sourcePhysical
384487,114,-1,gamma,22.139,0,3.19334,7.8,-1.22587,2.67814,detectLogical_PV,subPhysical
385433,116,-1,gamma,24.9205,0,2.94683,7.8,0.495776,1.23265,detectLogical_PV,subPhysical
386781,132,-1,gamma,20.3553,0,4.79545,7.8,1.48001,1.14239,detectLogical_PV,subPhysical
387358,139,-1,gamma,22.139,0,8.79369,7.8,-1.28001,3.40774,detectLogical_PV,subPhysical
388053,104,-1,gamma,21.9609,0,3.54636,7.8,-1.28447,0.852681,detectLogical_PV,subPhysical
390342,111,-1,gamma,22.139,0,3.59659,7.8,-1.65961,1.22966,detectLogical_PV,subPhysical
393137,108,-1,gamma,21.9609,0,3.75602,7.8,-1.67876,0.30073,detectLogical_PV,subPhysical
393302,121,-1,gamma,21.9609,0,5.48245,7.8,-3.77261,0.880097,detectLogical_PV,worldPhysical
394148,106,-1,gamma,22.139,0,4.48163,7.8,2.85183,3.30631,detectLogical_PV,subPhysical
394379,107,-1,gamma,22.139,0,3.91583,7.8,-2.04492,0.369187,detectLogical_PV,subPhysical
395521,105,-1,gamma,22.139,0,5.77309,7.8,1.14492,0.422603,detectLogical_PV,subPhysical
396986,111,-1,gamma,21.9609,0,4.82161,7.8,-1.11401,0.452447,detectLogical_PV,sourcePhysical
397456,105,-1,gamma,21.7656,0,9.52727,7.45838,2.79588,0.852129,detectLogical_PV,worldPhysical
397674,130,-1,gamma,22.139,0,10.065,7.53933,2.10986,7.278,detectLogical_PV,sourcePhysical
397979,117,-1,gamma,22.139,0,4.36613,7.8,0.592158,3.63393,detectLogical_PV,subPhysical
399339,125,-1,gamma,22.139,0,5.73376,7.8,-0.290045,0.289578,detectLogical_PV,sourcePhysical
399569,123,-1,gamma,24.7755,0,6.87536,7.8,0.444225,1.34224,detectLogical_PV,sourcePhysical
401829,103,-1,gamma,25.4259,0,7.38007,7.8,-0.329364,1.53074,detectLogical_PV,subPhysical
402927,142,-1,e-,18.0067,2.26716e-22,8.27721,7.8,-2.27119,3.3255,detectLogical_PV,sddCaseLogical_PV
403096,110,-1,gamma,21.9609,0,3.5938,7.8,-0.481735,0.781699,detectLogical_PV,subPhysical
405574,107,-1,gamma,22.139,0,7.06828,7.8,2.82756,1.33473,detectLogical_PV,subPhysical
407484,132,-1,gamma,19.8607,0,10.0304,7.5405,2.16448,0.180654,detectLogical_PV,sourcePhysical
407679,108,-1,gamma,22.139,0,4.62988,7.8,-1.48121,2.34546,detectLogical_PV,subPhysical
409290,116,-1,gamma,22.139,0,7.24726,7.8,0.503444,0.901583,detectLogical_PV,subPhysical
409330,107,-1,gamma,24.9205,0,8.04015,7.8,-0.743021,2.79265,detectLogical_PV,subPhysical
411401,130,-1,gamma,24.9205,0,3.14706,7.8,0.038457,6.45762,detectLogical_PV,subPhysical
411739,128,-1,gamma,21.9609,0,5.75924,7.8,1.87393,5.67573,detectLogical_PV,subPhysical
411826,106,-1,gamma,21.9609,0,5.56818,7.8,-0.724163,0.972095,detectLogical_PV,subPhysical
412299,129,-1,gamma,23.4324,0,4.0293,7.8,-0.642025,0.656316,detectLogical_PV,sourcePhysical
412357,109,-1,gamma,22.139,0,2.91124,7.8,-0.880706,0.279076,detectLogical_PV,subPhysical
413824,120,-1,gamma,21.9609,0,9.63171,7.57444,2.68487,2.31664,detectLogical_PV,sourcePhysical
415672,144,-1,gamma,22.139,0,4.83036,7.8,-1.27051,0.782006,detectLogical_PV,worldPhysical
415965,106,-1,gamma,22.139,0,3.08784,7.8,-0.835738,1.20033,detectLogical_PV,worldPhysical
416156,109,-1,gamma,21.274,0,5.47349,7.8,1.41964,2.31332,detectLogical_PV,sourcePhysical
416257,111,-1,gamma,22.139,0,5.01928,7.8,0.296509,0.840167,detectLogical_PV,sourcePhysical
416641,107,-1,gamma,20.3746,0,6.49211,7.3,2.77649,3.21901,detectLogical_PV,subPhysical
419269,104,-1,gamma,21.9609,0,10.6572,7.40605,-0.275233,5.40797,detectLogical_PV,subPhysical
421709,121,-1,gamma,22.139,0,6.81245,7.8,2.03375,1.63985,detectLogical_PV,subPhysical
422559,105,-1,gamma,21.9609,0,9.69036,7.53064,2.61864,5.49703,detectLogical_PV,sourcePhysical
423099,107,-1,gamma,24.9205,0,10.6339,7.3543,-0.510571,0.727277,detectLogical_PV,subPhysical
424650,117,-1,gamma,21.9609,0,3.00041,7.8,0.968467,0.225194,detectLogical_PV,subPhysical
425818,115,-1,gamma,22.139,0,9.64885,7.32447,-2.66582,1.14303,detectLogical_PV,subPhysical
425929,142,-1,gamma,22.139,0,5.15576,7.8,-2.18581,1.13551,detectLogical_PV,sourcePhysical
426049,124,-1,gamma,22.139,0,4.65634,7.8,0.85939,0.172237,detectLogical_PV,worldPhysical
427133,111,-1,gamma,19.8982,0,4.61706,7.6382,-3.43498,1.59983,detectLogical_PV,sourcePhysical
427965,111,-1,gamma,21.9609,0,9.81449,7.30825,-2.46803,2.32418,detectLogical_PV,subPhysical
428334,116,-1,gamma,22.139,0,7.80215,7.68053,-3.83545,0.0985324,detectLogical_PV,subPhysical
429188,109,-1,gamma,21.9609,0,3.5497,7.8,2.22947,1.04404,detectLogical_PV,worldPhysical
433716,104,-1,gamma,22.139,0,4.98461,7.8,1.39923,0.497745,detectLogical_PV,subPhysical
436368,136,-1,gamma,20.9937,0,9.23346,7.8,-2.86526,2.53291,detectLogical_PV,sourcePhysical
440032,141,-1,gamma,22.139,0,5.37221,7.8,3.43268,0.73695,detectLogical_PV,subPhysical
440170,106,-1,gamma,20.5652,0,6.73422,7.8,-0.337901,3.06257,detectLogical_PV,sourcePhysical
440824,112,-1,gamma,22.139,0,9.86079,7.8,1.37921,2.31232,detectLogical_PV,sourcePhysical
443241,152,-1,gamma,22.139,0,4.21109,7.8,1.27783,0.213613,detectLogical_PV,subPhysical
444664,116,-1,gamma,22.139,0,9.94953,7.70549,2.28535,1.00695,detectLogical_PV,subPhysical
444909,109,-1,gamma,22.139,0,3.43989,7.8,-0.215658,1.32839,detectLogical_PV,worldPhysical
447502,127,-1,gamma,24.9205,0,3.51532,7.8,2.33197,0.0201385,detectLogical_PV,subPhysical
448800,110,-1,gamma,21.9609,0,10.1608,7.4382,-1.9471,0.437202,detectLogical_PV,subPhysical
449136,106,-1,gamma,21.9609,0,4.39032,7.8,-2.62344,1.56842,detectLogical_PV,subPhysical
450084,146,-1,gamma,21.9609,0,10.5114,7.50497,1.10368,0.124366,detectLogical_PV,worldPhysical
450540,114,-1,gamma,22.139,0,6.75827,7.8,-2.97873,1.50937,detectLogical_PV,subPhysical
451002,112,-1,gamma,22.139,0,3.01989,7.8,-1.18749,0.802204,detectLogical_PV,subPhysical
452357,105,-1,gamma,21.9609,0,2.85375,7.8,-0.369119,0.881087,detectLogical_PV,subPhysical
452487,105,-1,gamma,21.9609,0,6.69715,7.8,-1.86615,3.83277,detectLogical_PV,sourcePhysical
452549,105,-1,gamma,24.9205,0,4.79294,7.8,0.650021,1.22533,detectLogical_PV,sourcePhysical
453512,109,-1,gamma,21.9609,0,10.6357,7.52829,-0.49693,2.58568,detectLogical_PV,subPhysical
458672,124,-1,gamma,25.4259,0,8.87957,7.8,0.401236,1.07029,detectLogical_PV,subPhysical
458811,121,-1,gamma,24.3379,0,3.06053,7.8,0.590302,1.5186,detectLogical_PV,sourcePhysical
459858,129,-1,gamma,22.139,0,3.98355,7.8,-1.295,0.5711,detectLogical_PV,subPhysical
462446,105,-1,gamma,22.139,0,10.4843,7.34269,-1.19392,1.09576,detectLogical_PV,subPhysical
463371,106,-1,gamma,22.139,0,5.46442,7.8,-1.0051,0.479693,detectLogical_PV,subPhysical
465064,107,-1,gamma,21.9609,0,3.37783,7.8,-0.815713,0.327717,detectLogical_PV,subPhysical
467156,134,-1,gamma,22.139,0,10.3974,7.785,1.44284,1.94551,detectLogical_PV,sourcePhysical
469134,106,-1,gamma,24.9205,0,5.40902,7.8,1.99338,0.795257,detectLogical_PV,subPhysical
470185,142,-1,gamma,22.139,0,3.84749,7.8,-2.73241,1.5514,detectLogical_PV,subPhysical
470791,105,-1,gamma,22.139,0,6.28905,7.8,-0.566712,0.0317875,detectLogical_PV,subPhysical
472488,135,-1,gamma,22.139,0,7.58723,7.38755,3.89263,1.48161,detectLogical_PV,sourcePhysical
473078,107,-1,gamma,22.139,0,7.33768,7.8,-0.185355,1.26858,detectLogical_PV,subPhysical
473411,127,-1,gamma,22.1073,0,7.92569,7.8,-2.2028,0.171655,detectLogical_PV,sourcePhysical
474291,115,-1,gamma,21.0023,0,6.6639,7.8,0.269238,0.360277,detectLogical_PV,sourcePhysical
476291,110,-1,gamma,22.139,0,10.6462,7.78643,-0.403962,0.98756,detectLogical_PV,subPhysical
479271,134,-1,gamma,24.9205,0,5.06143,7.8,3.22017,0.358832,detectLogical_PV,sourcePhysical
479498,105,-1,gamma,21.9609,0,4.27425,7.8,2.85081,0.571331,detectLogical_PV,sourcePhysical
480219,105,-1,gamma,22.139,0,6.08552,7.8,1.86522,0.956777,detectLogical_PV,subPhysical
481601,108,-1,gamma,22.139,0,9.94721,7.77171,-2.28867,0.601286,detectLogical_PV,subPhysical
481812,107,-1,gamma,22.139,0,10.0961,7.43471,-2.05886,0.291691,detectLogical_PV,subPhysical
482374,150,-1,gamma,21.9609,0,3.4184,7.8,-0.272499,4.42598,detectLogical_PV,subPhysical
482457,113,-1,gamma,22.139,0,6.13587,7.8,1.23299,0.466613,detectLogical_PV,sourcePhysical
483497,107,-1,gamma,22.139,0,8.07784,7.8,-2.5,1.93354,detectLogical_PV,subPhysical
483535,112,-1,gamma,22.139,0,7.60247,7.8,1.70975,3.718,detectLogical_PV,subPhysical
484054,107,-1,gamma,21.9609,0,4.17036,7.8,-2.78561,3.27782,detectLogical_PV,worldPhysical
484260,122,-1,gamma,24.8888,0,5.15692,7.8,0.0491294,2.94943,detectLogical_PV,subPhysical
484433,119,-1,gamma,21.9609,0,4.74582,7.8,-2.31588,0.470385,detectLogical_PV,subPhysical
485129,108,-1,gamma,22.139,0,10.159,7.78496,1.95032,0.147207,detectLogical_PV,subPhysical
485345,130,-1,gamma,21.9609,0,7.11296,7.8,1.14463,1.18572,detectLogical_PV,subPhysical
485691,141,-1,gamma,21.9609,0,10.2613,7.44199,-1.75467,0.0582899,detectLogical_PV,subPhysical
485757,104,-1,gamma,22.139,0,6.48615,7.8,-2.85991,1.61022,detectLogical_PV,subPhysical
485962,109,-1,gamma,22.139,0,6.50389,7.67053,-3.99669,0.172748,detectLogical_PV,subPhysical
486444,129,-1,gamma,22.139,0,2.83136,7.8,0.897071,1.48852,detectLogical_PV,sourcePhysical
487619,141,-1,gamma,22.139,0,4.35649,7.8,-1.19965,0.60361,detectLogical_PV,worldPhysical
487725,104,-1,gamma,24.8888,0,6.63995,7.8,1.9929,1.68077,detectLogical_PV,subPhysical
488197,140,-1,gamma,25.4259,0,3.22648,7.8,-1.58902,0.961757,detectLogical_PV,subPhysical
488370,109,-1,gamma,22.139,0,7.75211,7.8,-2.13206,0.0929334,detectLogical_PV,sourcePhysical
489668,108,-1,gamma,24.9205,0,4.65476,7.8,0.57249,1.07878,detectLogical_PV,subPhysical
489761,106,-1,gamma,21.9609,0,5.19498,7.8,0.899421,0.883414,detectLogical_PV,subPhysical
490785,107,-1,gamma,21.9609,0,8.54352,7.8,-2.44592,0.0138786,detectLogical_PV,worldPhysical
490896,105,-1,gamma,21.9609,0,7.53134,7.8,-3.64742,0.0129814,detectLogical_PV,subPhysical
491452,140,-1,gamma,22.139,0,5.59989,7.8,3.69993,1.58931,detectLogical_PV,subPhysical
496661,115,-1,gamma,22.139,0,9.2265,7.8,-1.21856,0.607954,detectLogical_PV,sourcePhysical
497373,120,-1,gamma,22.139,0,6.44918,7.8,-1.87887,0.275892,detectLogical_PV,subPhysical
497909,106,-1,gamma,21.9609,0,8.90899,7.74687,3.3124,0.591166,detectLogical_PV,subPhysical
498411,110,-1,gamma,21.9609,0,8.86987,7.8,1.8995,0.323135,detectLogical_PV,subPhysical
499458,137,-1,gamma,24.9205,0,10.6635,7.49303,0.159779,7.88424,detectLogical_PV,subPhysical
499534,118,-1,gamma,22.139,0,6.15735,7.8,-2.15235,0.365212,detectLogical_PV,sourcePhysical
